Symbol,Date,Open,High,Low,Close,Volume
AAL,28-Apr-2015,51.7,51.82,50.01,51.19,9235600
AAME,28-Apr-2015,3.97,3.97,3.96,3.97,1200
AAOI,28-Apr-2015,14.64,15.15,14.64,15.1,146900
AAON,28-Apr-2015,24.67,25.03,24.49,24.95,99100
AAPL,28-Apr-2015,134.46,134.54,129.57,130.56,118923900
AAWW,28-Apr-2015,42.32,43.56,42.32,43.55,144500
AAXJ,28-Apr-2015,69.82,69.91,69.5,69.83,1445500
ABAC,28-Apr-2015,7.12,7.12,6.76,6.8,31200
ABAX,28-Apr-2015,62.84,64.66,62.21,64.56,238500
ABCB,28-Apr-2015,25.08,25.51,24.9,25.46,73500
ABCD,28-Apr-2015,3,3.08,2.99,3.07,18900
ABCO,28-Apr-2015,52.42,53.63,52.36,53.26,154700
ABDC,28-Apr-2015,13.85,13.9,13.7,13.88,39600
ABIO,28-Apr-2015,6.09,6.3,6.02,6.16,107200
ABMD,28-Apr-2015,66,67.7,63.79,66.93,591900
ABTL,28-Apr-2015,14.52,15.5,14.52,15.24,138600
ABY,28-Apr-2015,34.79,34.91,34.57,34.8,132900
ACAD,28-Apr-2015,36.23,37,34.78,36.02,1585000
ACAS,28-Apr-2015,15.1,15.21,15.06,15.2,852300
ACAT,28-Apr-2015,36.57,37.14,36.43,36.71,61400
ACET,28-Apr-2015,20.11,20.25,19.94,20.19,85000
ACFC,28-Apr-2015,4.04,4.18,4,4.02,29500
ACGL,28-Apr-2015,60.5,61.27,60.5,61.03,379700
ACHC,28-Apr-2015,70.83,73.74,68.68,72.36,799200
ACHN,28-Apr-2015,9.46,9.6,8.86,9.18,4379700
ACIW,28-Apr-2015,22.33,22.33,21.93,22.25,652600
ACLS,28-Apr-2015,10.32,10.6,10.24,10.52,225800
ACNB,28-Apr-2015,20.55,20.95,20.55,20.75,2700
ACOR,28-Apr-2015,31.47,31.87,30.23,31.04,723700
ACPW,28-Apr-2015,2.45,2.48,2.4,2.42,306300
ACRX,28-Apr-2015,4.38,4.52,4.16,4.43,457200
ACSF,28-Apr-2015,13.34,13.34,13.2,13.32,29700
ACST,28-Apr-2015,4.5,4.6,4.5,4.6,33400
ACTA,28-Apr-2015,14.98,15.05,14.77,14.95,123800
ACTG,28-Apr-2015,11.34,11.49,11.27,11.38,458300
ACTS,28-Apr-2015,1.55,1.55,1.5,1.52,57100
ACUR,28-Apr-2015,0.76,0.78,0.76,0.76,42300
ACWI,28-Apr-2015,62.61,62.77,62.28,62.75,613400
ACWX,28-Apr-2015,47.59,47.74,47.51,47.71,263600
ACXM,28-Apr-2015,18.24,18.54,18.08,18.52,485700
ADBE,28-Apr-2015,76.34,77.09,75.87,76.02,1698200
ADHD,28-Apr-2015,5.75,5.86,5.68,5.72,86400
ADI,28-Apr-2015,62.68,63.46,62.5,63.22,1912500
ADMA,28-Apr-2015,8.82,8.82,8.32,8.51,13900
ADMP,28-Apr-2015,4.64,4.7,4.33,4.51,135200
ADMS,28-Apr-2015,17.44,17.99,17.06,17.52,119800
ADP,28-Apr-2015,84.8,85.64,84.37,85.61,1639300
ADRA,28-Apr-2015,32.51,32.53,32.29,32.29,1500
ADRD,28-Apr-2015,24.95,24.95,24.5,24.53,4300
ADRE,28-Apr-2015,38.65,38.65,38.42,38.46,8800
ADRO,28-Apr-2015,31.58,32.85,27.8,27.97,1142200
ADRU,28-Apr-2015,23.8,24.12,23.8,24.12,800
ADSK,28-Apr-2015,60.64,61.22,60.2,60.66,1789200
ADTN,28-Apr-2015,16.08,16.22,15.77,16.13,1108900
ADUS,28-Apr-2015,28.09,28.09,27.01,27.76,56500
ADXS,28-Apr-2015,21.57,21.65,19,19.37,2260100
ADXSW,28-Apr-2015,16.54,16.72,14.55,14.71,103600
AEGN,28-Apr-2015,18.91,19.11,18.69,18.89,167300
AEGR,28-Apr-2015,24.46,24.77,23.31,23.81,889700
AEHR,28-Apr-2015,2.5,2.62,2.34,2.55,36500
AEIS,28-Apr-2015,25.06,25.77,24.94,25.62,204000
AEPI,28-Apr-2015,52.66,53.3,52.31,52.48,8200
AERI,28-Apr-2015,10.96,11.24,9.64,11,4568800
AETI,28-Apr-2015,5.42,5.77,5.42,5.52,15300
AEY,28-Apr-2015,2.43,2.46,2.4,2.45,28200
AEZS,28-Apr-2015,65,66,59,59,3635200
AFAM,28-Apr-2015,45.01,46.46,44.18,45.55,119600
AFH,28-Apr-2015,18.98,19.24,18.98,19.08,19400
AFMD,28-Apr-2015,9.26,9.51,8.42,8.96,256200
AFSI,28-Apr-2015,29.81,30.3,29.61,30.105,404100
AGEN,28-Apr-2015,7.97,8,6.85,6.93,8675200
AGII,28-Apr-2015,50.34,50.76,49.88,50.22,102900
AGIIL,28-Apr-2015,25.48,25.48,25.32,25.37,11400
AGIO,28-Apr-2015,101.54,103.37,96.76,98.75,759600
AGNC,28-Apr-2015,21.16,21.2,20.68,20.81,6946200
AGNCB,28-Apr-2015,25.12,25.18,25.12,25.15,8700
AGNCP,28-Apr-2015,26.14,26.3,26.01,26.23,5200
AGND,28-Apr-2015,44.7,44.7,44.7,44.7,0
AGRX,28-Apr-2015,12.3,12.3,11.5,11.86,85800
AGTC,28-Apr-2015,21.1,21.1,19.37,20.28,113900
AGYS,28-Apr-2015,10.11,10.43,10.11,10.31,26900
AGZD,28-Apr-2015,49,49.07,48.9,48.9,1800
AHGP,28-Apr-2015,49.73,50.06,49.13,49.86,115700
AHPI,28-Apr-2015,1.6,1.65,1.55,1.55,40100
AIMC,28-Apr-2015,27.7,28.27,27.48,28.05,240000
AINV,28-Apr-2015,7.9,8.03,7.81,8.03,1755200
AIQ,28-Apr-2015,22.69,23.3,22.5,22.8,17100
AIRM,28-Apr-2015,47.75,48.46,47.4,47.91,415800
AIRR,28-Apr-2015,18.72,18.79,18.64,18.74,10300
AIRT,28-Apr-2015,19.99,20,19.6,19.99,3700
AIXG,28-Apr-2015,7.07,7.11,6.93,6.99,66500
AKAM,28-Apr-2015,77.1,77.31,76,76.07,2694500
AKAO,28-Apr-2015,6.24,6.32,6.02,6.14,112500
AKBA,28-Apr-2015,8.46,8.56,8.01,8.25,670900
AKER,28-Apr-2015,4.7,4.7,4.51,4.59,15100
AKRX,28-Apr-2015,43.21,45.46,43,44.76,4151700
ALCO,28-Apr-2015,46.9,46.9,46.07,46.78,19700
ALDR,28-Apr-2015,24.14,24.14,22.23,22.54,380000
ALDX,28-Apr-2015,9.98,9.98,9.53,9.53,500
ALGN,28-Apr-2015,58.44,59.56,57.72,59.45,1110200
ALGT,28-Apr-2015,164,167.07,160.23,164.42,164600
ALIM,28-Apr-2015,4.59,4.71,4.3,4.61,102600
ALKS,28-Apr-2015,59.09,59.99,56.17,57.16,1406000
ALLT,28-Apr-2015,8.8,8.95,8.79,8.93,144500
ALNY,28-Apr-2015,109.12,111.34,102.5,104.69,1014300
ALOG,28-Apr-2015,86.83,87.09,86.08,86.53,157200
ALOT,28-Apr-2015,13.85,13.85,13.85,13.85,300
ALQA,28-Apr-2015,4.99,5,4.88,4.88,32800
ALSK,28-Apr-2015,2.28,2.35,2.24,2.35,487300
ALXN,28-Apr-2015,174.75,176.83,169.46,171.08,1826300
AMAG,28-Apr-2015,55.01,55.76,52.8,54.19,730700
AMAT,28-Apr-2015,20.13,20.49,19.99,20.04,55701400
AMBA,28-Apr-2015,70.42,72.17,68.3,72.01,1256500
AMBC,28-Apr-2015,23.96,24.13,23.63,23.91,373700
AMBCW,28-Apr-2015,12.55,13.16,12.55,12.7,2100
AMCC,28-Apr-2015,5.05,5.22,5.01,5.15,757700
AMCN,28-Apr-2015,4.85,5.12,4.18,5.05,6877600
AMCX,28-Apr-2015,76.67,76.99,75.37,76.63,396100
AMD,28-Apr-2015,2.36,2.37,2.31,2.31,11448700
AMDA,28-Apr-2015,3.3,3.45,3.15,3.3,1553000
AMED,28-Apr-2015,25.32,26.38,24.81,26.23,165300
AMGN,28-Apr-2015,162.15,165.3,160.63,162.49,4262800
AMKR,28-Apr-2015,7.49,7.61,7.02,7.46,5393400
AMNB,28-Apr-2015,22.23,22.94,22.22,22.8,8800
AMOT,28-Apr-2015,35.28,35.51,31.76,33.4,348400
AMOV,28-Apr-2015,22,22,21.11,21.69,2600
AMPH,28-Apr-2015,15.07,15.15,14.7,14.96,130200
AMRB,28-Apr-2015,9.9,9.9,9.75,9.75,400
AMRI,28-Apr-2015,18.86,19.32,18.44,18.77,504200
AMRK,28-Apr-2015,10.5,10.5,10.3,10.33,900
AMRN,28-Apr-2015,2.03,2.13,1.94,2.08,4077800
AMRS,28-Apr-2015,2.43,2.54,2.43,2.5,42800
AMSC,28-Apr-2015,6.98,6.98,6.65,6.7,193400
AMSF,28-Apr-2015,45.32,46.63,45.32,46.5,49100
AMSG,28-Apr-2015,64.21,65.35,63.11,65.07,231800
AMSGP,28-Apr-2015,125.5,125.5,125.5,125.5,200
AMSWA,28-Apr-2015,10.39,10.51,10.2,10.27,43200
AMTX,28-Apr-2015,4.21,4.23,4.15,4.17,3500
AMWD,28-Apr-2015,51.08,52.66,50.83,52.16,102000
AMZN,28-Apr-2015,438.51,439,428.04,429.31,4140400
ANAT,28-Apr-2015,100.4,101.6,100.4,101.36,25300
ANCB,28-Apr-2015,21.94,21.94,21.94,21.94,0
ANCX,28-Apr-2015,19.08,19.09,18.96,19.08,14400
ANDE,28-Apr-2015,43.35,44.44,43.11,44.38,229900
ANGI,28-Apr-2015,6.04,6.23,5.97,6.2,1732500
ANGO,28-Apr-2015,16.94,17.07,16.6,16.88,139300
ANIK,28-Apr-2015,36.8,37.5,36.23,36.35,431300
ANIP,28-Apr-2015,66.21,68.02,64.11,66.66,174300
ANSS,28-Apr-2015,87.47,87.63,86.26,86.69,222400
ANTH,28-Apr-2015,4.77,4.97,4.5,4.76,326800
ANY,28-Apr-2015,3.71,3.77,3.36,3.53,595400
AOSL,28-Apr-2015,8.48,8.62,8.36,8.54,35900
APDN,28-Apr-2015,2.68,2.75,2.66,2.66,92500
APDNW,28-Apr-2015,1.03,1.11,1.02,1.11,4700
APEI,28-Apr-2015,30.36,30.66,30.01,30.46,77200
APIC,28-Apr-2015,15.11,15.79,14.75,14.75,296300
APOG,28-Apr-2015,53,54.54,52.71,53.36,323900
APOL,28-Apr-2015,17.29,17.59,17.1,17.45,1291300
APPS,28-Apr-2015,3.89,3.95,3.84,3.89,54900
APPY,28-Apr-2015,4.56,4.56,4.4,4.48,383300
APRI,28-Apr-2015,16.1,16.5,16,16.1,51200
APTO,28-Apr-2015,6.21,6.21,5.92,6.06,10600
APWC,28-Apr-2015,2.49,2.49,2.49,2.49,500
AQXP,28-Apr-2015,7.5,8.11,7.32,7.51,21600
ARAY,28-Apr-2015,8.99,9.11,8.77,8.95,922400
ARCB,28-Apr-2015,38.11,39.2,37.86,38.24,256700
ARCC,28-Apr-2015,17.13,17.19,17.05,17.18,1017500
ARCI,28-Apr-2015,1.96,2.06,1.96,1.98,6200
ARCW,28-Apr-2015,7.02,7.02,6.68,6.95,35600
ARDM,28-Apr-2015,7.23,7.23,6.97,6.99,2000
ARDX,28-Apr-2015,11.94,11.94,11.36,11.55,73500
AREX,28-Apr-2015,7.8,8.49,7.8,8.28,1220700
ARGS,28-Apr-2015,8.42,8.46,8.18,8.43,21000
ARIA,28-Apr-2015,9.13,9.35,8.77,8.87,6325300
ARII,28-Apr-2015,49.25,49.45,47.77,48.18,340500
ARIS,28-Apr-2015,3.23,3.36,3.22,3.22,61400
ARKR,28-Apr-2015,24.32,24.68,24.32,24.41,4500
ARLP,28-Apr-2015,32.84,33.38,32.69,33.01,255400
ARNA,28-Apr-2015,4.26,4.35,4.09,4.2,3491200
AROW,28-Apr-2015,26.57,26.78,26.57,26.64,7700
ARQL,28-Apr-2015,2.01,2.02,1.91,1.97,269500
ARRS,28-Apr-2015,34.4,35.08,34.07,34.99,3172600
ARRY,28-Apr-2015,6.71,6.89,6.47,6.66,1799600
ARTNA,28-Apr-2015,21.82,22.19,21.82,22.04,14000
ARTW,28-Apr-2015,4.89,4.89,4.53,4.8,80000
ARTX,28-Apr-2015,2.88,2.88,2.76,2.83,189700
ARWR,28-Apr-2015,7.03,7.18,6.81,6.95,926900
ASBB,28-Apr-2015,21.1,21.2,21.03,21.2,9600
ASCMA,28-Apr-2015,39.8,40.61,39.8,40.46,25500
ASFI,28-Apr-2015,8.35,8.35,8.24,8.3,3800
ASMB,28-Apr-2015,14.63,14.63,13.34,14.45,103900
ASML,28-Apr-2015,109.75,110.04,108.87,109.79,1076200
ASNA,28-Apr-2015,15.23,15.36,15.11,15.3,1068200
ASND,28-Apr-2015,19.43,20,17.31,18.23,130800
ASPS,28-Apr-2015,24,25.68,23.52,25.21,1125000
ASRV,28-Apr-2015,3.35,3.54,3.31,3.32,56000
ASRVP,28-Apr-2015,26.88,27.01,26.84,26.84,5200
ASTC,28-Apr-2015,3.05,3.14,3,3.02,12600
ASTE,28-Apr-2015,42.99,43.94,42.88,43.6,116000
ASUR,28-Apr-2015,5.48,5.48,5.48,5.48,1600
ASYS,28-Apr-2015,12.06,12.93,11.99,12.5,144400
ATAI,28-Apr-2015,4.6,4.71,4.6,4.6,17800
ATAX,28-Apr-2015,5.53,5.62,5.5,5.54,99000
ATEC,28-Apr-2015,16.92,17.16,16.8,16.8,51000
ATHN,28-Apr-2015,125.01,127.5,122.65,125.01,545700
ATHX,28-Apr-2015,1.24,1.3,1.21,1.29,997900
ATLC,28-Apr-2015,2.45,2.75,2.33,2.57,10300
ATLO,28-Apr-2015,25.99,25.99,25.45,25.65,7000
ATNI,28-Apr-2015,71.29,72,70.22,71.16,63000
ATOS,28-Apr-2015,23.55,23.85,22.2,22.95,190400
ATRA,28-Apr-2015,48.05,49.61,42.67,47.02,397200
ATRC,28-Apr-2015,20.52,20.72,20.08,20.46,96800
ATRI,28-Apr-2015,325.03,330.43,325.03,326.2,2400
ATRO,28-Apr-2015,73.16,74.75,72.05,72.91,117300
ATRS,28-Apr-2015,2.64,2.7,2.53,2.61,552100
ATSG,28-Apr-2015,9.18,9.46,9.18,9.44,134000
ATTU,28-Apr-2015,10.9,10.9,10.41,10.69,20500
ATVI,28-Apr-2015,23.65,23.8,23.37,23.47,4610300
AUBN,28-Apr-2015,25,25,25,25,1800
AUDC,28-Apr-2015,4.5,4.81,4.48,4.73,162100
AUPH,28-Apr-2015,3.86,4.2,3.84,4.06,104900
AVAV,28-Apr-2015,26.59,26.82,26.37,26.59,89100
AVEO,28-Apr-2015,1.8,1.85,1.59,1.7,1697000
AVGO,28-Apr-2015,120.38,121,114.56,117.45,3103100
AVGR,28-Apr-2015,11.53,11.91,11.22,11.26,8100
AVHI,28-Apr-2015,15.77,16,15.77,15.93,10900
AVID,28-Apr-2015,16.1,16.51,16,16.5,176800
AVNW,28-Apr-2015,13.8,14.28,13.8,13.92,13100
AWRE,28-Apr-2015,4.35,4.36,4.19,4.29,30500
AXAS,28-Apr-2015,3.57,3.63,3.53,3.6,993200
AXDX,28-Apr-2015,23.13,23.86,22.84,23.59,56300
AXGN,28-Apr-2015,3.44,3.44,3.37,3.4,13300
AXTI,28-Apr-2015,2.39,2.45,2.39,2.43,37400
AZPN,28-Apr-2015,40.45,42.7,40.19,41.55,1607800
BABY,28-Apr-2015,41.5,41.5,40.28,40.81,209800
BANF,28-Apr-2015,59.83,59.83,59.25,59.71,9900
BANFP,28-Apr-2015,28.7,28.7,28.7,28.7,0
BANR,28-Apr-2015,45.61,46.9,45.61,46.82,66400
BANX,28-Apr-2015,17.6,17.89,17.31,17.5,28300
BASI,28-Apr-2015,2.06,2.06,2,2.03,1600
BBBY,28-Apr-2015,70.92,71.34,70.62,71.19,1467500
BBC,28-Apr-2015,32.74,33.1,31.15,32.05,39000
BBGI,28-Apr-2015,4.95,4.95,4.95,4.95,0
BBOX,28-Apr-2015,19.85,20,19.65,20,118700
BBP,28-Apr-2015,31.67,31.8,30.37,30.93,22200
BBRG,28-Apr-2015,15.05,15.5,14.87,15.44,158900
BBRY,28-Apr-2015,10.19,10.44,10.19,10.39,6031200
BBSI,28-Apr-2015,40.43,41.03,39.84,40.76,160800
BCBP,28-Apr-2015,12.48,12.48,12.31,12.43,1400
BCLI,28-Apr-2015,4.19,4.22,3.91,4,339200
BCOM,28-Apr-2015,16.99,17.01,16.99,16.99,2800
BCOR,28-Apr-2015,13.91,14.12,13.9,14.07,324600
BCOV,28-Apr-2015,6.68,6.81,6.6,6.7,112400
BCPC,28-Apr-2015,54.54,55.39,54.46,54.87,126200
BCRX,28-Apr-2015,10,10.1,9.49,9.6,792900
BDE,28-Apr-2015,8.98,9.14,8.83,9.1,171200
BDGE,28-Apr-2015,25.59,25.6,25.4,25.52,16800
BDSI,28-Apr-2015,8.8,8.94,8.43,8.61,1389900
BEAT,28-Apr-2015,8.53,8.81,8.24,8.69,117200
BEAV,28-Apr-2015,61.39,61.5,60.34,60.87,1233700
BEBE,28-Apr-2015,3.41,3.44,3.38,3.4,239900
BECN,28-Apr-2015,30.56,30.81,30.38,30.55,565500
BELFA,28-Apr-2015,18.09,18.24,18.08,18.08,900
BELFB,28-Apr-2015,18.16,18.38,18.05,18.27,29200
BFIN,28-Apr-2015,12.81,13.15,12.81,13.09,25100
BGCP,28-Apr-2015,9.53,9.64,9.5,9.63,884400
BGFV,28-Apr-2015,12.46,12.81,12.31,12.5,112100
BHAC,28-Apr-2015,9.7,9.7,9.7,9.7,0
BHACR,28-Apr-2015,0.28,0.28,0.28,0.28,4000
BHACU,28-Apr-2015,10,10,10,10,0
BHACW,28-Apr-2015,0.16,0.16,0.16,0.16,0
BHBK,28-Apr-2015,13.64,13.88,13.63,13.79,40700
BIB,28-Apr-2015,81.5,83.055,76.505,79.45,918800
BICK,28-Apr-2015,25.97,25.97,25.94,25.94,1200
BIDU,28-Apr-2015,222.67,223.3,217.25,219.19,2456700
BIIB,28-Apr-2015,388.8,391.87,374.36,374.68,4923800
BIOC,28-Apr-2015,8.1,9.15,7.5,8.79,2509000
BIOD,28-Apr-2015,1.17,1.23,1.12,1.17,245800
BIOL,28-Apr-2015,2.15,2.16,2.1,2.15,62300
BIOS,28-Apr-2015,5.13,5.15,4.98,5.1,1056600
BIS,28-Apr-2015,32.99,34.93,32.26,33.81,1367100
BJRI,28-Apr-2015,48.66,49.33,47.7,48.54,265300
BKCC,28-Apr-2015,9.3,9.32,9.22,9.24,184300
BKEP,28-Apr-2015,8.05,8.16,7.85,7.97,65300
BKEPP,28-Apr-2015,9.12,9.52,9.1,9.13,3100
BKMU,28-Apr-2015,7.36,7.52,7.36,7.48,63400
BKSC,28-Apr-2015,15.9,16.03,15.9,16.01,1900
BLBD,28-Apr-2015,11.91,12.15,11.9,11.95,8800
BLCM,28-Apr-2015,26.36,26.76,24.38,25.1,445500
BLDP,28-Apr-2015,2.2,2.28,2.17,2.25,836100
BLDR,28-Apr-2015,13.06,13.14,12.7,13.06,635600
BLFS,28-Apr-2015,1.98,1.99,1.87,1.88,51300
BLIN,28-Apr-2015,2.15,2.15,2.05,2.05,1200
BLKB,28-Apr-2015,50.65,51.21,50.15,51.12,197100
BLMN,28-Apr-2015,23.1,23.55,22.9,23.37,1633600
BLMT,28-Apr-2015,20.58,21.17,20.55,21.02,6500
BLPH,28-Apr-2015,9.35,9.58,8.02,8.5,47900
BLRX,28-Apr-2015,2.01,2.05,1.85,2,679200
BLUE,28-Apr-2015,132.67,137.95,126.65,132.78,1078600
BLVD,28-Apr-2015,10.05,10.1,10.05,10.1,2700
BLVDU,28-Apr-2015,10.5,10.5,10.5,10.5,0
BLVDW,28-Apr-2015,0.71,0.71,0.71,0.71,0
BMRC,28-Apr-2015,50.61,51.1,50.58,50.66,2600
BMRN,28-Apr-2015,118.27,118.84,113.2,115.65,1746600
BMTC,28-Apr-2015,30.82,31.08,30.62,31.07,29500
BNCL,28-Apr-2015,11.87,11.94,11.83,11.89,1030300
BNCN,28-Apr-2015,18.85,18.85,18.68,18.79,47400
BNDX,28-Apr-2015,53.98,54.01,53.91,53.97,487100
BNFT,28-Apr-2015,35.69,35.81,34.56,35,78400
BNSO,28-Apr-2015,1.55,1.69,1.55,1.6,7400
BOBE,28-Apr-2015,45.05,46,44.94,45.68,213600
BOCH,28-Apr-2015,5.66,5.68,5.62,5.64,4500
BOFI,28-Apr-2015,22.75,22.9,22.5825,22.8875,104500
BOKF,28-Apr-2015,63.23,63.92,62.83,63.85,171600
BONT,28-Apr-2015,7.36,7.43,7.07,7.35,100800
BOOM,28-Apr-2015,13.39,13.92,13.37,13.83,90200
BOSC,28-Apr-2015,2.32,2.32,2.26,2.3,1700
BOTJ,28-Apr-2015,10.98,11,10.9,10.99,4700
BPFH,28-Apr-2015,12.93,13.09,12.87,13.05,615900
BPFHP,28-Apr-2015,26.1,26.1,26,26,900
BPFHW,28-Apr-2015,5.8,5.8,5.8,5.8,0
BPOP,28-Apr-2015,33.83,33.83,33.2,33.55,730200
BPOPM,28-Apr-2015,21.9,21.9,21.9,21.9,0
BPOPN,28-Apr-2015,23.5,23.55,23.16,23.16,8800
BPTH,28-Apr-2015,1.45,1.54,1.35,1.36,596000
BRCD,28-Apr-2015,12.07,12.12,11.97,12.07,3855500
BREW,28-Apr-2015,13.61,14.23,13.61,14.13,30800
BRID,28-Apr-2015,8.39,8.48,8.39,8.48,2400
BRKL,28-Apr-2015,10.86,11.06,10.62,10.98,336400
BRKR,28-Apr-2015,19.26,19.34,18.9,19.32,589200
BRKS,28-Apr-2015,11.03,11.23,10.95,11.2,159900
BSET,28-Apr-2015,27.91,29.17,27.85,28.45,71100
BSF,28-Apr-2015,9.85,10,9.83,9.98,13900
BSFT,28-Apr-2015,33.72,33.9,33.31,33.63,256300
BSPM,28-Apr-2015,10.64,10.64,10.29,10.5,89300
BSQR,28-Apr-2015,4.28,4.34,4.27,4.27,30000
BSRR,28-Apr-2015,16.03,16.76,16.03,16.66,18300
BSTC,28-Apr-2015,37.89,38.23,35.16,37.63,73400
BUR,28-Apr-2015,2.11,2.3,2.11,2.3,66600
BUSE,28-Apr-2015,6.57,6.67,6.54,6.64,76400
BV,28-Apr-2015,5.65,5.71,5.59,5.59,326600
BVSN,28-Apr-2015,5.75,6.14,5.75,6.01,23200
BWEN,28-Apr-2015,4.47,4.71,4.46,4.48,45800
BWFG,28-Apr-2015,19.5,19.5,18.86,19.07,16100
BWINA,28-Apr-2015,23.8,23.8,23.8,23.8,0
BWINB,28-Apr-2015,23.4,23.46,23.3,23.36,14800
BWLD,28-Apr-2015,179.16,183.95,177.1,183.7,1069400
BYBK,28-Apr-2015,5.23,5.23,5.22,5.22,500
BYFC,28-Apr-2015,1.33,1.33,1.33,1.33,0
CA,28-Apr-2015,31.64,32.19,31.64,32.18,1804300
CAAS,28-Apr-2015,7.1,7.48,7.09,7.46,54500
CAC,28-Apr-2015,39.02,40.87,38.97,40.51,5300
CACB,28-Apr-2015,5.01,5.05,4.95,5,74900
CACC,28-Apr-2015,216.45,217,214,215.01,62700
CACQ,28-Apr-2015,6.23,6.51,6.17,6.49,56700
CADC,28-Apr-2015,4.1,4.1,4.07,4.09,3200
CAKE,28-Apr-2015,52.57,53.35,52.14,52.91,1180600
CALA,28-Apr-2015,11.63,11.92,10.53,11.06,312800
CALD,28-Apr-2015,13.01,13.22,12.97,13.1,255100
CALI,28-Apr-2015,2.2,2.2,1.89,1.92,239100
CALL,28-Apr-2015,6.82,6.87,6.7,6.77,138900
CALM,28-Apr-2015,41,47.51,41,45.08,2934900
CAMP,28-Apr-2015,20.54,20.86,20.25,20.69,460100
CAMT,28-Apr-2015,3.48,3.62,3.41,3.55,57300
CAPN,28-Apr-2015,6.55,6.98,6.48,6.78,127100
CAPNW,28-Apr-2015,1.4,1.46,1.35,1.43,13600
CAPR,28-Apr-2015,7,7,6.26,6.73,33000
CAR,28-Apr-2015,54.94,55.23,54.65,54.98,1138800
CARA,28-Apr-2015,11.67,11.74,11.04,11.59,123100
CARB,28-Apr-2015,11.27,11.49,10.6,10.78,257900
CARO,28-Apr-2015,13.9,14.15,13.9,14.05,14500
CART,28-Apr-2015,5.42,5.42,5.42,5.42,300
CARV,28-Apr-2015,4.52,4.52,4.52,4.52,0
CARZ,28-Apr-2015,42,42,41.72,41.87,9100
CASH,28-Apr-2015,41,41.49,41,41.32,36500
CASI,28-Apr-2015,1.5,1.5,1.47,1.49,5000
CASM,28-Apr-2015,1.28,1.31,1.28,1.29,38500
CASS,28-Apr-2015,53.69,54.57,53.09,54.05,14800
CASY,28-Apr-2015,85.04,85.76,84.19,85.03,222900
CATM,28-Apr-2015,38.21,38.22,37.77,37.94,329700
CATY,28-Apr-2015,28.7,28.96,28.32,28.95,391000
CATYW,28-Apr-2015,8.51,8.51,8.51,8.51,0
CAVM,28-Apr-2015,65.35,66.2,64.09,66,809000
CBAK,28-Apr-2015,4.41,4.41,4.03,4.23,99300
CBAN,28-Apr-2015,8.27,8.27,8.21,8.21,6200
CBAY,28-Apr-2015,4.69,4.9,4.4,4.5,25800
CBF,28-Apr-2015,27.44,27.93,27.35,27.86,86500
CBFV,28-Apr-2015,19.84,19.89,19.84,19.85,500
CBLI,28-Apr-2015,3.25,3.28,3.11,3.13,5300
CBMG,28-Apr-2015,25.04,25.25,23.5,24.57,145500
CBMX,28-Apr-2015,28.5,28.8,27.75,28.5,55100
CBOE,28-Apr-2015,56.7,57.31,56.31,57.1,328600
CBPO,28-Apr-2015,97.4,100,95.05,97.55,68800
CBRL,28-Apr-2015,140.67,141.86,138.77,140.55,145100
CBSH,28-Apr-2015,42.53,43.06,42.35,42.87,384900
CBSHP,28-Apr-2015,26.39,26.39,25.79,26.11,17000
CBYL,28-Apr-2015,6.75,6.8,5.75,5.84,138400
CCBG,28-Apr-2015,15.27,15.51,14.98,15.19,11400
CCCL,28-Apr-2015,10.88,11.12,10.56,10.88,109100
CCCR,28-Apr-2015,1.92,1.92,1.81,1.91,57900
CCD,28-Apr-2015,25.25,25.63,25.06,25.44,150500
CCIH,28-Apr-2015,14.49,14.8,14.09,14.44,113200
CCLP,28-Apr-2015,21.52,21.9,21.25,21.32,100000
CCMP,28-Apr-2015,49.26,50.25,48.83,50.2,151700
CCNE,28-Apr-2015,17.68,17.9,17.18,17.73,23800
CCOI,28-Apr-2015,34.32,35.14,34.27,35.13,272300
CCRN,28-Apr-2015,11.25,11.9,11.2,11.61,145900
CCUR,28-Apr-2015,5.92,6.01,5.9,5.96,28500
CCXI,28-Apr-2015,7.24,7.34,6.9,7.15,78500
CDC,28-Apr-2015,36.74,36.91,36.58,36.91,9900
CDK,28-Apr-2015,48.63,49.21,47.95,49,930100
CDNA,28-Apr-2015,5.21,5.63,5.08,5.25,82400
CDNS,28-Apr-2015,19.44,19.83,19.15,19.42,11954500
CDTI,28-Apr-2015,9.45,9.65,9.45,9.6,36500
CDTX,28-Apr-2015,15.01,15.02,14.25,14.79,61500
CDW,28-Apr-2015,38.64,38.97,38.33,38.73,722900
CDXS,28-Apr-2015,4.53,4.71,4.46,4.66,73400
CDZI,28-Apr-2015,8.79,9.15,8.7,8.93,121500
CECE,28-Apr-2015,12.51,12.51,12.22,12.48,39600
CECO,28-Apr-2015,4.39,4.4,4.12,4.3,764900
CELG,28-Apr-2015,115.01,115.64,111.81,113.52,5615300
CELGZ,28-Apr-2015,2.79,2.84,2.76,2.76,12800
CEMI,28-Apr-2015,4.68,4.69,4.67,4.69,8400
CEMP,28-Apr-2015,35.84,36.9,33.31,33.92,1421700
CENT,28-Apr-2015,9.59,9.72,9.52,9.64,8800
CENTA,28-Apr-2015,10.3,10.37,10.14,10.22,55300
CENX,28-Apr-2015,13.47,13.84,13.18,13.24,2040500
CERN,28-Apr-2015,72.96,73.5,72.17,73.13,1493200
CERS,28-Apr-2015,4.7,4.7,4.38,4.52,1455600
CERU,28-Apr-2015,6.49,6.53,5.91,6.06,329400
CETV,28-Apr-2015,2.71,2.75,2.68,2.74,125000
CEVA,28-Apr-2015,21.54,21.96,21.3,21.75,37400
CFA,28-Apr-2015,37.39,37.39,37.39,37.39,100
CFBK,28-Apr-2015,1.38,1.4,1.38,1.4,2600
CFFI,28-Apr-2015,35,35,35,35,0
CFFN,28-Apr-2015,12.15,12.28,12.09,12.28,683800
CFNB,28-Apr-2015,13.6,13.6,13.59,13.59,4000
CFNL,28-Apr-2015,20.53,20.87,20.53,20.81,107400
CFO,28-Apr-2015,37.21,37.42,37.21,37.42,2600
CFRX,28-Apr-2015,5.19,5.38,5.04,5.23,64000
CFRXW,28-Apr-2015,1.76,1.76,1.75,1.75,21700
CG,28-Apr-2015,29.89,30,29.26,29.95,663600
CGEN,28-Apr-2015,6.81,6.9,6.58,6.83,182300
CGIX,28-Apr-2015,9.15,9.52,8.72,9.48,105300
CGNT,28-Apr-2015,1.67,1.7,1.55,1.55,22100
CGNX,28-Apr-2015,46.98,47.9,46.59,47.81,491900
CGO,28-Apr-2015,13.96,14.1,13.94,14.1,25000
CHCI,28-Apr-2015,0.68,0.73,0.64,0.68,23800
CHCO,28-Apr-2015,46.86,47.99,46.57,47.75,43700
CHDN,28-Apr-2015,114.94,125.77,114.07,119.77,270200
CHEF,28-Apr-2015,19.26,19.58,19.09,19.47,138700
CHEK,28-Apr-2015,4.72,4.99,4.6,4.82,2600
CHEKW,28-Apr-2015,2,2,2,2,0
CHFC,28-Apr-2015,31.52,32.14,31.52,32.04,75100
CHFN,28-Apr-2015,12.02,12.27,12.02,12.25,15500
CHI,28-Apr-2015,13.1,13.23,13.08,13.23,163100
CHKE,28-Apr-2015,22.03,22.38,21.89,21.9,54000
CHKP,28-Apr-2015,87.5,87.79,86.87,87.32,673200
CHMG,28-Apr-2015,27.08,27.08,27.08,27.08,0
CHNR,28-Apr-2015,2.11,2.25,2.11,2.19,25600
CHRS,28-Apr-2015,23.02,23.36,20.02,21.7,432500
CHRW,28-Apr-2015,66.15,66.5,64.94,65.73,6254500
CHSCL,28-Apr-2015,28.2,28.2,27.88,28.14,71200
CHSCM,28-Apr-2015,26.21,26.3,26.16,26.2,31600
CHSCN,28-Apr-2015,26.82,26.85,26.81,26.85,7400
CHSCO,28-Apr-2015,28.72,28.75,28.69,28.69,4200
CHSCP,28-Apr-2015,30.74,31.33,30.74,31.26,7100
CHTR,28-Apr-2015,182.99,184.32,179.77,182.3,3261200
CHUY,28-Apr-2015,23.87,24.77,23.84,24.76,108900
CHW,28-Apr-2015,9.1,9.1,9.04,9.1,123600
CHY,28-Apr-2015,14.35,14.4,14.26,14.36,137300
CIDM,28-Apr-2015,8.8,9.1,8.1,8.4,909400
CIFC,28-Apr-2015,7.84,7.84,7.64,7.64,3600
CINF,28-Apr-2015,52.11,52.74,51.96,52.7,462800
CISG,28-Apr-2015,11.75,12.11,11.15,11.9,326700
CIZ,28-Apr-2015,37.39,37.55,37.39,37.53,2900
CIZN,28-Apr-2015,18.61,19,18.61,19,700
CJJD,28-Apr-2015,3.87,4.1,3.7,4.08,393700
CKEC,28-Apr-2015,32.91,32.93,32.22,32.38,172900
CLAC,28-Apr-2015,11.25,11.27,10.85,11.03,131900
CLACU,28-Apr-2015,12.15,12.16,12.15,12.15,600
CLACW,28-Apr-2015,2.37,2.37,2.27,2.27,65400
CLBH,28-Apr-2015,10.5,10.65,10.5,10.63,2800
CLCT,28-Apr-2015,22.68,22.98,22.61,22.87,15000
CLDX,28-Apr-2015,25.82,26.9,23.84,23.92,4769900
CLFD,28-Apr-2015,14.52,14.66,14.34,14.44,77800
CLIR,28-Apr-2015,5.32,5.4,5.19,5.19,30000
CLLS,28-Apr-2015,32.9,33.22,32.44,32.51,136200
CLMS,28-Apr-2015,12.36,12.68,12.36,12.65,43300
CLMT,28-Apr-2015,27.65,27.95,27.64,27.86,304400
CLNE,28-Apr-2015,8.26,8.94,8.2,8.71,3610500
CLNT,28-Apr-2015,3.4,3.46,3.37,3.41,9200
CLRB,28-Apr-2015,31.1,31.3,30.6,31.1,2500
CLRBW,28-Apr-2015,7.8,7.8,7.8,7.8,0
CLRO,28-Apr-2015,11.52,11.6,11.26,11.32,10000
CLSN,28-Apr-2015,2.75,2.75,2.66,2.68,154900
CLUB,28-Apr-2015,6.4,6.47,6.23,6.28,60200
CLVS,28-Apr-2015,85,86.19,79.29,83.11,649200
CLWT,28-Apr-2015,2.95,2.98,2.95,2.98,400
CMCO,28-Apr-2015,24.21,25.31,23.96,25.22,78900
CMCSA,28-Apr-2015,58.99,59.07,58.39,59,16773900
CMCT,28-Apr-2015,18.33,18.9,18.33,18.9,200
CME,28-Apr-2015,88.49,89.54,88.22,89.51,1553200
CMFN,28-Apr-2015,13.33,13.59,13.2,13.5,12800
CMLS,28-Apr-2015,19.04,19.68,18.4,18.96,1123500
CMPR,28-Apr-2015,84.87,86.39,82,85.64,403000
CMRX,28-Apr-2015,37.68,37.86,34.91,35.9,633400
CMTL,28-Apr-2015,30.68,30.85,30.33,30.76,72100
CNAT,28-Apr-2015,6.6,6.6,6.05,6.14,604200
CNBKA,28-Apr-2015,39.65,40,39.65,39.77,1700
CNCE,28-Apr-2015,14.5,14.7,13.61,14.51,350300
CNET,28-Apr-2015,1.66,1.68,1.56,1.65,118900
CNIT,28-Apr-2015,5.4,5.63,5.26,5.5,125900
CNMD,28-Apr-2015,52.06,52.11,50.89,51.9,84700
CNOB,28-Apr-2015,19.77,19.9,19.66,19.87,77100
CNSL,28-Apr-2015,20.81,21.59,20.81,21.52,218800
CNTF,28-Apr-2015,5.25,5.45,5.2,5.25,151900
CNTY,28-Apr-2015,5.92,5.95,5.9,5.9,20800
CNV,28-Apr-2015,6.2,6.2,5.91,6.01,32500
CNXR,28-Apr-2015,11.19,11.54,11.02,11.36,32900
COB,28-Apr-2015,10.06,10.52,10.06,10.39,10600
COBZ,28-Apr-2015,12.44,12.6,12.29,12.51,70400
COHR,28-Apr-2015,63.76,65.34,62.75,65,112500
COHU,28-Apr-2015,10.57,10.85,10.57,10.74,84700
COKE,28-Apr-2015,114.53,114.53,113.71,113.95,8300
COLB,28-Apr-2015,29.58,30.19,29.49,30.18,165100
COLM,28-Apr-2015,63.19,63.94,62.2,63.39,250400
COMM,28-Apr-2015,28.33,28.74,28.16,28.59,1376700
COMT,28-Apr-2015,40.6,40.87,40.57,40.7,17000
CONE,28-Apr-2015,32.29,32.57,31.97,32.31,1007000
CONN,28-Apr-2015,30.26,30.57,29.17,29.71,371500
COOL,28-Apr-2015,7.68,8.34,7.5,7.8,57700
CORE,28-Apr-2015,27.205,27.71,27.205,27.42,126000
CORI,28-Apr-2015,7.82,7.82,7.82,7.82,100
CORT,28-Apr-2015,6.16,6.35,5.92,6.19,308000
COST,28-Apr-2015,146.89,147.19,146.05,146.61,1302000
COVS,28-Apr-2015,2.01,2.03,2,2,232800
COWN,28-Apr-2015,5.7,5.85,5.7,5.83,610100
COWNL,28-Apr-2015,26.6,26.6,26.17,26.3,4700
CPAH,28-Apr-2015,4.9,4.9,4.6,4.9,12900
CPHC,28-Apr-2015,10.28,10.29,10.21,10.21,10000
CPHD,28-Apr-2015,56.78,57.83,55.69,56.7,870500
CPHR,28-Apr-2015,10.96,11.19,10.66,11.11,3900
CPIX,28-Apr-2015,6.31,6.95,6.26,6.81,49200
CPLA,28-Apr-2015,59.16,59.74,57.02,57.03,226800
CPLP,28-Apr-2015,9.33,9.54,9.26,9.38,652100
CPRT,28-Apr-2015,35.99,36.66,35.99,36.61,512700
CPRX,28-Apr-2015,3.46,3.69,3.4,3.55,1498100
CPSH,28-Apr-2015,2.75,2.75,2.75,2.75,0
CPSI,28-Apr-2015,53.15,53.74,53.1,53.68,58000
CPSS,28-Apr-2015,6.69,6.89,6.69,6.85,81600
CPST,28-Apr-2015,12.6,12.6,12.4,12.6,1160900
CPTA,28-Apr-2015,17.61,17.69,17.53,17.62,95200
CRAI,28-Apr-2015,29.57,30.78,29.07,30.55,56300
CRAY,28-Apr-2015,28.73,29.06,28.71,28.9,204700
CRBP,28-Apr-2015,3.15,3.15,2.8,3.03,34700
CRDS,28-Apr-2015,48.6,50,47,49,20800
CRDT,28-Apr-2015,76.08,76.08,75.58,75.59,500
CREE,28-Apr-2015,32.3,32.82,32.13,32.6,2456500
CREG,28-Apr-2015,11.2,11.2,10.7,10.8,96900
CRESY,28-Apr-2015,13.67,13.77,13.34,13.52,84400
CRIS,28-Apr-2015,2.87,2.94,2.63,2.67,880900
CRME,28-Apr-2015,8.7,8.72,8.52,8.59,29400
CRMT,28-Apr-2015,51.77,52.24,51.36,51.73,32600
CRNT,28-Apr-2015,1.34,1.42,1.32,1.42,447200
CROX,28-Apr-2015,13.42,13.54,13.24,13.49,1454800
CRTN,28-Apr-2015,3.4,3.4,3.4,3.4,0
CRTO,28-Apr-2015,43.79,44.99,42.82,42.87,488500
CRUS,28-Apr-2015,33.86,35.2,32.91,35.13,3214100
CRVL,28-Apr-2015,37.9,38.78,37.77,38.56,19800
CRWS,28-Apr-2015,8.1,8.1,8.03,8.03,3900
CRZO,28-Apr-2015,53.07,54.09,53.07,53.92,603000
CSAL,28-Apr-2015,27.23,29.89,27.09,29.48,6802300
CSBK,28-Apr-2015,13.93,13.96,13.86,13.95,64500
CSCO,28-Apr-2015,28.77,29.33,28.76,29.32,24315200
CSF,28-Apr-2015,39.22,39.48,39.22,39.48,500
CSFL,28-Apr-2015,12.31,12.48,12.29,12.45,62500
CSGP,28-Apr-2015,198.46,202.58,198.46,200.19,144200
CSGS,28-Apr-2015,29.61,30.31,29.55,30.16,106100
CSII,28-Apr-2015,35.58,35.6,33.21,34.52,614400
CSIQ,28-Apr-2015,35.53,37.84,35.53,37.73,3170800
CSOD,28-Apr-2015,28.96,29.63,28.78,29.15,266400
CSPI,28-Apr-2015,7.06,7.21,7,7.08,8100
CSQ,28-Apr-2015,11.41,11.53,11.37,11.51,215000
CSTE,28-Apr-2015,59.94,60.86,59.16,60.43,124900
CSWC,28-Apr-2015,46.96,47.69,46.96,47.6,7400
CSX,28-Apr-2015,36.82,37.01,36.49,36.81,8562800
CTAS,28-Apr-2015,81.63,81.88,81.17,81.49,584700
CTBI,28-Apr-2015,32.86,33.35,32.86,33.2,21000
CTG,28-Apr-2015,7.76,8.2,7.55,8.13,75900
CTHR,28-Apr-2015,1.16,1.35,1.16,1.28,53000
CTIB,28-Apr-2015,4,4,4,4,400
CTIC,28-Apr-2015,1.92,1.94,1.87,1.89,2098700
CTRE,28-Apr-2015,13.4,13.66,13.28,13.45,82300
CTRL,28-Apr-2015,12.6,12.65,12.27,12.4,102300
CTRN,28-Apr-2015,24.26,24.59,23.7,24.4,100300
CTRP,28-Apr-2015,32.97,33.195,32.14,32.44,2053100
CTRV,28-Apr-2015,3.09,3.14,3,3.1,11100
CTSH,28-Apr-2015,59.48,60.51,59.28,60.33,4053600
CTSO,28-Apr-2015,7.14,7.3,6.87,6.96,203600
CTWS,28-Apr-2015,36.95,37.1,36.61,36.95,33600
CTXS,28-Apr-2015,66.8,67.69,66.64,67.51,1288000
CUBA,28-Apr-2015,9.97,10.05,9.78,9.81,57800
CUI,28-Apr-2015,5.7,5.75,5.64,5.72,38100
CUNB,28-Apr-2015,21.53,21.99,21.03,21.62,8600
CUTR,28-Apr-2015,13.51,14.06,13.41,13.91,58100
CVBF,28-Apr-2015,15.72,16.01,15.67,16,384100
CVCO,28-Apr-2015,66,69.62,65.98,69.24,21200
CVCY,28-Apr-2015,10.78,11.01,10.78,10.8,1300
CVGI,28-Apr-2015,6.21,6.34,6.14,6.3,54200
CVGW,28-Apr-2015,51.02,52.31,51,52.15,64800
CVLT,28-Apr-2015,46.35,47.59,46.17,47.14,394400
CVLY,28-Apr-2015,21.82,21.82,21.82,21.82,0
CVTI,28-Apr-2015,33.31,33.98,32.22,32.39,325400
CVV,28-Apr-2015,12.11,12.2,12.06,12.12,7800
CWAY,28-Apr-2015,11.11,11.11,11.11,11.11,0
CWBC,28-Apr-2015,6.73,6.76,6.73,6.74,2400
CWCO,28-Apr-2015,12.1,12.12,11.95,12.12,26700
CWST,28-Apr-2015,5.39,5.65,5.39,5.64,568500
CXDC,28-Apr-2015,5.62,5.71,5.58,5.63,25000
CY,28-Apr-2015,12.85,13.01,12.63,12.93,4523800
CYAN,28-Apr-2015,9.04,9.13,9.04,9.11,5700
CYBE,28-Apr-2015,10.67,10.67,10.43,10.64,25000
CYBR,28-Apr-2015,66.94,67.65,62.26,64.93,2223100
CYCC,28-Apr-2015,10.8,11.4,10.56,10.92,221300
CYCCP,28-Apr-2015,7,7,7,7,0
CYHHZ,28-Apr-2015,0.02,0.02,0.02,0.02,62300
CYNO,28-Apr-2015,33.84,35,33.33,34.56,439200
CYOU,28-Apr-2015,28.82,31.71,28.77,31.07,899200
CYRN,28-Apr-2015,3.12,3.18,3.06,3.1,57400
CYTK,28-Apr-2015,6.77,7.01,6.56,6.85,298100
CYTR,28-Apr-2015,4.76,4.9,4.55,4.83,1482100
CYTX,28-Apr-2015,13.8,13.95,12.15,12.15,4763900
CZFC,28-Apr-2015,12.75,12.75,12.46,12.5,5800
CZNC,28-Apr-2015,20.31,20.7,20.31,20.66,16400
CZR,28-Apr-2015,9.48,9.51,9.24,9.43,1038000
CZWI,28-Apr-2015,9.15,9.15,9.1,9.1,5000
DAIO,28-Apr-2015,3.52,3.56,3.38,3.39,12300
DAKT,28-Apr-2015,11.14,11.38,11.14,11.38,141700
DAVE,28-Apr-2015,30.54,30.54,29.96,30.09,15400
DAX,28-Apr-2015,28.74,28.74,28.28,28.33,256400
DBVT,28-Apr-2015,25.65,26.04,25.63,25.82,49800
DCIX,28-Apr-2015,20.4,20.88,20.16,20.16,41200
DCOM,28-Apr-2015,16.18,16.45,16.18,16.39,104100
DCTH,28-Apr-2015,1.04,1.05,0.98,1.02,25300
DENN,28-Apr-2015,11.63,11.78,11.43,11.73,525000
DEPO,28-Apr-2015,25.8,25.81,24.49,25.11,1885100
DERM,28-Apr-2015,14.8,15.31,14.57,15.05,19200
DEST,28-Apr-2015,13.04,13.44,12.76,12.8,49600
DFRG,28-Apr-2015,21.23,22.23,20.39,20.79,858900
DFVL,28-Apr-2015,66.35,66.35,66.35,66.35,0
DFVS,28-Apr-2015,30.92,31.19,30.92,31.19,500
DGAS,28-Apr-2015,20,20,19.67,19.72,1500
DGICA,28-Apr-2015,15.52,15.61,15.5,15.51,18600
DGICB,28-Apr-2015,18.19,18.19,18.19,18.19,100
DGII,28-Apr-2015,10.05,10.21,10,10.18,82800
DGLD,28-Apr-2015,70.84,70.84,68.16,68.61,24100
DGLY,28-Apr-2015,14.27,14.55,13.25,14.09,1572800
DGRE,28-Apr-2015,25.67,25.83,25.62,25.73,7200
DGRS,28-Apr-2015,30,30,29.81,29.81,3700
DGRW,28-Apr-2015,31.82,31.99,31.7,31.97,37300
DHIL,28-Apr-2015,174,179.42,173.42,178.2,7400
DHRM,28-Apr-2015,3.06,3.06,2.66,2.92,150400
DIOD,28-Apr-2015,27.64,27.93,27.36,27.82,95900
DISCA,28-Apr-2015,31.91,32.09,31.25,31.7,10121200
DISCK,28-Apr-2015,30.27,30.29,29.72,29.93,2672500
DISH,28-Apr-2015,68.9,69.25,67.58,68.43,2293600
DJCO,28-Apr-2015,194,194,194,194,400
DLBL,28-Apr-2015,75.57,75.57,75.57,75.57,0
DLBS,28-Apr-2015,20.52,20.55,20.43,20.55,1100
DLHC,28-Apr-2015,2.1,2.13,2,2.13,20500
DLTR,28-Apr-2015,80.21,80.46,79.55,79.97,1244800
DMLP,28-Apr-2015,23.71,23.71,22.58,22.72,52300
DMRC,28-Apr-2015,24.13,25.5,24,25.09,45200
DNBF,28-Apr-2015,26.55,27.1,26.55,27.1,8600
DNKN,28-Apr-2015,53.33,53.61,52.01,52.65,4855800
DORM,28-Apr-2015,48.76,50,47.06,48.09,982000
DOX,28-Apr-2015,55.4,55.65,55.04,55.43,447200
DPRX,28-Apr-2015,12.93,12.93,12.51,12.55,1300
DRAD,28-Apr-2015,4.59,4.59,4.45,4.48,75200
DRAM,28-Apr-2015,6.6,6.87,6.6,6.87,900
DRNA,28-Apr-2015,23.39,23.7,21.96,22.22,128200
DRRX,28-Apr-2015,2.06,2.14,1.95,2.01,699900
DRWI,28-Apr-2015,19,19.25,18.5,18.75,135800
DRYS,28-Apr-2015,1065,1065,1035,1050,3443100
DSCI,28-Apr-2015,8.04,8.24,7.97,8.06,80200
DSGX,28-Apr-2015,15.57,15.57,15.12,15.24,15100
DSLV,28-Apr-2015,54.1,54.15,51.5,52.11,42800
DSPG,28-Apr-2015,11.69,11.94,11.58,11.7,61300
DSWL,28-Apr-2015,1.93,1.94,1.84,1.85,13000
DTLK,28-Apr-2015,12.04,12.42,12,12.39,73100
DTSI,28-Apr-2015,37.24,38.24,36.93,37.26,178400
DTUS,28-Apr-2015,31.88,31.88,31.88,31.88,0
DTYS,28-Apr-2015,18.91,19.19,18.68,19.19,42300
DVAX,28-Apr-2015,21.92,22.52,20.75,21.52,386400
DVCR,28-Apr-2015,16.68,16.95,16.52,16.78,5200
DWAT,28-Apr-2015,10.58,10.66,10.58,10.61,6800
DWCH,28-Apr-2015,7.42,7.54,7.21,7.51,110100
DWSN,28-Apr-2015,5.7,5.72,5.3,5.5,57500
DXCM,28-Apr-2015,67.55,68.65,65.8,68.03,880500
DXGE,28-Apr-2015,31.25,31.26,30.89,31.11,265900
DXJS,28-Apr-2015,34.94,34.95,34.8,34.81,14400
DXKW,28-Apr-2015,22.77,23.16,22.77,23.15,14100
DXLG,28-Apr-2015,5.16,5.26,5.13,5.23,66600
DXPE,28-Apr-2015,44.71,45.97,44.63,45.71,85500
DXPS,28-Apr-2015,26.9,27.19,26.9,27.05,4700
DXYN,28-Apr-2015,10.11,10.37,9.82,10.36,161600
DYNT,28-Apr-2015,2.78,2.78,2.78,2.78,100
DYSL,28-Apr-2015,1.42,1.44,1.4,1.41,12300
EA,28-Apr-2015,59.7,60.14,58.62,59.11,2695900
EAC,28-Apr-2015,4.11,4.14,4,4.05,32900
EARS,28-Apr-2015,4.89,4.98,4.8,4.8,10200
EBAY,28-Apr-2015,24.7832,25.3221,24.7411,25.0442,9443700
EBIO,28-Apr-2015,11.07,11.35,10.6,11.28,49500
EBIX,28-Apr-2015,28.87,29.32,28.14,28.62,249500
EBMT,28-Apr-2015,10.8,10.95,10.8,10.95,4200
EBSB,28-Apr-2015,12.85,12.99,12.85,12.95,172400
EBTC,28-Apr-2015,21.5,22.25,21.5,21.99,6300
ECHO,28-Apr-2015,30.02,30.44,29.09,30.18,624300
ECOL,28-Apr-2015,49.13,50.12,48.53,49.96,86000
ECPG,28-Apr-2015,41.38,42.04,41.28,41.7,158700
ECYT,28-Apr-2015,6.1,6.25,5.9,6.12,445700
EDAP,28-Apr-2015,3.1,3.14,2.98,3.07,180000
EDGW,28-Apr-2015,6.94,6.95,6.94,6.95,800
EDUC,28-Apr-2015,4.32,4.39,4.23,4.25,2300
EEFT,28-Apr-2015,58.17,58.76,57.64,58.51,265500
EEI,28-Apr-2015,8.92,8.93,8.76,8.76,4200
EEMA,28-Apr-2015,67,67,66.45,66.72,25000
EFII,28-Apr-2015,41.89,42.61,41.8,42.57,234400
EFOI,28-Apr-2015,5.14,5.45,5.01,5.32,21900
EFSC,28-Apr-2015,20.35,20.95,20.35,20.88,25600
EFUT,28-Apr-2015,5.6,5.64,5.21,5.27,31500
EGAN,28-Apr-2015,3.34,3.43,3.34,3.4,5200
EGBN,28-Apr-2015,37.33,37.75,37.13,37.74,99300
EGHT,28-Apr-2015,8.7,8.92,8.69,8.86,515300
EGLE,28-Apr-2015,172,178.4,167.6,174.4,60000
EGLT,28-Apr-2015,10.07,10.23,9.84,10.01,36400
EGOV,28-Apr-2015,17.56,17.78,17.46,17.68,234500
EGRX,28-Apr-2015,54.33,55.76,51.27,55.56,277900
EGT,28-Apr-2015,2.2,2.3,2.11,2.3,700
EHTH,28-Apr-2015,13.05,13.26,12.65,12.82,255400
EIGI,28-Apr-2015,21.97,22.11,15.82,19.7,26437600
ELGX,28-Apr-2015,16.95,17.16,16.6,17.04,753600
ELNK,28-Apr-2015,4.74,4.9,4.74,4.85,1650700
ELON,28-Apr-2015,9,9.2,9,9.1,6900
ELOS,28-Apr-2015,12.03,12.77,12.03,12.75,184400
ELSE,28-Apr-2015,4.28,4.38,4.25,4.38,7400
ELTK,28-Apr-2015,0.94,0.95,0.92,0.94,8400
EMCB,28-Apr-2015,73.05,73.29,73.05,73.24,5100
EMCF,28-Apr-2015,24.7,24.73,24.3,24.58,3600
EMCG,28-Apr-2015,26.87,26.87,26.87,26.87,0
EMCI,28-Apr-2015,23.3333,23.5467,23.32,23.44,7400
EMIF,28-Apr-2015,37.54,37.56,37.39,37.55,11600
EMITF,28-Apr-2015,4.2,4.29,4.08,4.2,37500
EMKR,28-Apr-2015,5.43,5.53,5.43,5.48,63700
EML,28-Apr-2015,19.44,19.74,19.27,19.51,26600
EMMS,28-Apr-2015,5.96,6.2,5.84,6.12,25600
ENDP,28-Apr-2015,90.41,90.41,84.72,87.83,4176300
ENFC,28-Apr-2015,15.55,15.55,15.55,15.55,0
ENG,28-Apr-2015,1.62,1.68,1.62,1.65,20100
ENOC,28-Apr-2015,11.29,11.75,11.29,11.64,182000
ENPH,28-Apr-2015,13.05,13.32,12.81,13.21,636400
ENSG,28-Apr-2015,22.115,22.355,21.51,22.305,74500
ENT,28-Apr-2015,13.1,13.41,13,13.07,176000
ENTA,28-Apr-2015,35.67,36.17,34.5,35.28,290100
ENTG,28-Apr-2015,13.88,14.2,13.72,14.04,1608300
ENTL,28-Apr-2015,27.74,27.74,27.07,27.24,42200
ENZY,28-Apr-2015,8.94,9,8.9,8.97,13500
EPAY,28-Apr-2015,27.14,27.57,27,27.54,136200
EPZM,28-Apr-2015,18.95,19.78,18.64,19.21,294300
EQIX,28-Apr-2015,244.16,247.83,243.73,246.38,731000
ERI,28-Apr-2015,6.95,7.09,6.75,6.91,159600
ERIC,28-Apr-2015,11.3,11.39,11.23,11.35,7493600
ERIE,28-Apr-2015,84.15,85.64,84.15,84.55,37900
ERII,28-Apr-2015,3.32,3.37,3.24,3.3,581200
ERS,28-Apr-2015,4.37,4.37,4.37,4.37,100
ESBK,28-Apr-2015,20.25,20.25,20.25,20.25,0
ESCA,28-Apr-2015,18.86,19.06,18.08,18.29,36700
ESEA,28-Apr-2015,0.75,0.76,0.72,0.73,103100
ESES,28-Apr-2015,6,6,6,6,0
ESGR,28-Apr-2015,140.62,142.81,140.62,142.65,15100
ESIO,28-Apr-2015,5.74,5.83,5.72,5.8,163100
ESLT,28-Apr-2015,79.2,80.46,79.2,79.93,20300
ESMC,28-Apr-2015,1.29,1.29,1.22,1.26,4500
ESPR,28-Apr-2015,100.38,103.6,97.3,100.5,819200
ESRX,28-Apr-2015,86.34,87.73,85.5,87.5,3776600
ESSA,28-Apr-2015,12.81,12.92,12.77,12.92,6600
ESXB,28-Apr-2015,4.47,4.49,4.41,4.47,8200
ETFC,28-Apr-2015,27.85,28.65,27.79,28.52,2805100
ETRM,28-Apr-2015,17.1,17.1,16.8,16.95,291500
ETSY,28-Apr-2015,25.75,25.9,24.18,24.49,954900
EUFN,28-Apr-2015,23.79,23.94,23.72,23.94,618700
EVAR,28-Apr-2015,4.7,4.79,4.39,4.7,8800
EVBS,28-Apr-2015,6.06,6.07,6.02,6.05,20900
EVEP,28-Apr-2015,17.17,17.51,17.17,17.38,302000
EVK,28-Apr-2015,6.16,6.16,6.16,6.16,100
EVLV,28-Apr-2015,6.27,6.33,6.04,6.32,176700
EVOK,28-Apr-2015,6.47,6.6,6.22,6.53,13900
EVOL,28-Apr-2015,9.34,9.35,9.19,9.31,6600
EWBC,28-Apr-2015,40.52,40.96,40.25,40.94,729900
EXA,28-Apr-2015,11.48,11.9,11.48,11.87,17100
EXAC,28-Apr-2015,24.41,24.71,24.11,24.51,16300
EXAS,28-Apr-2015,21.02,21.28,20.12,21.16,1462000
EXEL,28-Apr-2015,2.83,2.9,2.65,2.76,2422200
EXFO,28-Apr-2015,3.47,3.54,3.37,3.49,10100
EXLS,28-Apr-2015,33.87,34.34,33.65,34.15,120000
EXPD,28-Apr-2015,46.24,46.66,46.01,46.64,811300
EXPE,28-Apr-2015,98.53,98.62,97.06,97.8,1031100
EXPO,28-Apr-2015,46.78,47.435,46.75,47.1,55300
EXTR,28-Apr-2015,2.59,2.68,2.56,2.65,1063600
EYES,28-Apr-2015,12.4,12.5,11.54,12.06,483400
EZPW,28-Apr-2015,9.14,9.38,9.14,9.3,399300
FALC,28-Apr-2015,1.52,1.53,1.49,1.52,54200
FANG,28-Apr-2015,79.97,80.78,79.42,80.23,708800
FARM,28-Apr-2015,24.83,25.09,24.77,24.79,25300
FARO,28-Apr-2015,43.15,43.58,42.5,43.26,241300
FAST,28-Apr-2015,42.29,42.91,42,42.72,3639500
FATE,28-Apr-2015,5.55,5.58,5.41,5.43,24700
FB,28-Apr-2015,81.83,81.9,80.23,80.68,23775300
FBIO,28-Apr-2015,3.45,3.72,3.45,3.62,261000
FBIZ,28-Apr-2015,46.42,47,46.25,47,19200
FBMS,28-Apr-2015,16.28,16.38,16.26,16.38,1700
FBNC,28-Apr-2015,16.95,17.1,16.89,17.02,27400
FBNK,28-Apr-2015,15.24,15.42,15.19,15.25,63100
FBRC,28-Apr-2015,21.4,21.85,21.37,21.46,53800
FBSS,28-Apr-2015,16.62,16.62,16.62,16.62,100
FCAP,28-Apr-2015,25.53,25.53,24.06,24.7,12200
FCBC,28-Apr-2015,16.88,17.4,16.76,17.35,28700
FCCO,28-Apr-2015,12.1,12.25,12.1,12.25,500
FCCY,28-Apr-2015,11.49,11.51,11.48,11.48,1100
FCEL,28-Apr-2015,15.36,15.6,15.12,15.24,3797400
FCNCA,28-Apr-2015,249.31,252.9,249,252.88,13800
FCSC,28-Apr-2015,3.54,3.65,3.41,3.49,61700
FDEF,28-Apr-2015,34.09,34.26,33.82,34.25,59000
FDIV,28-Apr-2015,50.55,50.55,50.55,50.55,0
FDML,28-Apr-2015,13.23,13.34,13.01,13.34,186900
FDUS,28-Apr-2015,16.57,16.93,16.51,16.79,45300
FEIM,28-Apr-2015,13.19,13.57,13.16,13.2,6800
FELE,28-Apr-2015,37,37.41,35.93,37.23,429700
FEMB,28-Apr-2015,46.25,46.25,46.25,46.25,100
FES,28-Apr-2015,1.22,1.22,1.11,1.13,14900
FEUZ,28-Apr-2015,33.69,34.07,33.64,33.93,25200
FEYE,28-Apr-2015,43.52,43.92,42.23,43,3294100
FFBC,28-Apr-2015,17.36,17.67,17.26,17.64,64700
FFBCW,28-Apr-2015,5.95,5.95,5.95,5.95,0
FFHL,28-Apr-2015,0.7,0.8,0.7,0.7,24700
FFIC,28-Apr-2015,19.85,20.29,19.74,20.19,41200
FFIN,28-Apr-2015,29.23,29.84,29.06,29.77,142300
FFIV,28-Apr-2015,123.37,126.18,122.5,125.59,1296500
FFKT,28-Apr-2015,23.55,23.73,23.3,23.35,14900
FFNW,28-Apr-2015,12.09,12.09,12.05,12.06,25800
FFWM,28-Apr-2015,19,19,19,19,300
FGEN,28-Apr-2015,25.56,26.89,24.7,25.04,152200
FHCO,28-Apr-2015,3.15,3.21,3.09,3.2,56800
FIBK,28-Apr-2015,27.25,28.14,27.25,27.77,121300
FINL,28-Apr-2015,25.22,25.25,24.72,25.03,576700
FISI,28-Apr-2015,24.04,24.48,24.02,24.29,20700
FISV,28-Apr-2015,78.71,79.57,78.57,79.52,957800
FITB,28-Apr-2015,19.66,19.86,19.57,19.82,6387700
FITBI,28-Apr-2015,28.35,28.35,28.16,28.17,21200
FIVE,28-Apr-2015,35.09,35.49,34.5,34.82,914100
FIVN,28-Apr-2015,5.49,5.7,5.47,5.64,154500
FIZZ,28-Apr-2015,23.65,24.51,23.36,24.37,31100
FLAT,28-Apr-2015,60.75,60.81,60.75,60.81,700
FLDM,28-Apr-2015,40.5,41.31,39.29,40.16,160100
FLEX,28-Apr-2015,12.22,12.32,12.05,12.17,3193800
FLIC,28-Apr-2015,26.2,26.5,25.81,26.04,22800
FLIR,28-Apr-2015,30.97,31.17,30.67,31.15,899300
FLKS,28-Apr-2015,20,20.34,18.71,19.1,110000
FLL,28-Apr-2015,1.49,1.53,1.46,1.53,39800
FLML,28-Apr-2015,15.63,15.63,14.56,14.81,279600
FLWS,28-Apr-2015,11.87,13.19,11.42,12.01,2291100
FLXN,28-Apr-2015,17.09,17.2,15.5,16.87,110900
FLXS,28-Apr-2015,35.45,36.28,35.22,36.06,61000
FMB,28-Apr-2015,52.1,52.1,52.1,52.1,0
FMBH,28-Apr-2015,20,20,20,20,0
FMBI,28-Apr-2015,17.15,17.53,17.03,17.5,356700
FMI,28-Apr-2015,44.79,44.84,42.18,43.49,325600
FMNB,28-Apr-2015,8.26,8.37,8.26,8.26,21900
FNBC,28-Apr-2015,35.2,36.09,35.19,36.05,30400
FNGN,28-Apr-2015,43.48,44.34,43.2,44.24,148400
FNHC,28-Apr-2015,29.42,30.09,29.11,29.79,41200
FNJN,28-Apr-2015,1.36,1.61,1.33,1.54,32800
FNLC,28-Apr-2015,16.86,17.18,16.72,17.05,12800
FNSR,28-Apr-2015,20.92,21.18,20.77,21.17,585500
FNWB,28-Apr-2015,12.19,12.2,12.11,12.19,12100
FOLD,28-Apr-2015,11.17,11.49,10.29,10.66,2616100
FOMX,28-Apr-2015,10.05,10.05,9.45,9.71,181200
FONE,28-Apr-2015,41.58,41.62,41.25,41.43,1900
FONR,28-Apr-2015,11.72,11.78,11.64,11.76,11300
FORD,28-Apr-2015,0.68,0.68,0.61,0.65,19800
FORM,28-Apr-2015,9.18,9.3,9,9.27,225100
FORR,28-Apr-2015,35.88,36.37,35.36,36.32,44900
FORTY,28-Apr-2015,27.95,27.95,26.72,26.72,500
FOSL,28-Apr-2015,81.67,83.99,81.36,83.8,952200
FOX,28-Apr-2015,33.74,33.99,33.59,33.79,2090900
FOXA,28-Apr-2015,34.5,34.69,34.33,34.53,6528200
FOXF,28-Apr-2015,15.46,15.58,15.36,15.51,13900
FPRX,28-Apr-2015,21.02,22.26,20.05,21.46,305700
FPXI,28-Apr-2015,31.74,31.74,31.74,31.74,0
FRAN,28-Apr-2015,17.71,17.71,17.25,17.4,283400
FRBA,28-Apr-2015,6.17,6.25,6.15,6.2,27900
FRBK,28-Apr-2015,3.51,3.7,3.51,3.62,90000
FRED,28-Apr-2015,17.85,18.07,17.6,17.8,99700
FRGI,28-Apr-2015,53.28,55.07,52.62,54.06,374200
FRME,28-Apr-2015,23.04,23.29,22.69,23.25,102500
FRP,28-Apr-2015,19.63,20.3,19.49,20.15,66300
FRPH,28-Apr-2015,37.69,37.69,36.98,37.29,4600
FRPT,28-Apr-2015,23.39,24.24,22.5,22.88,381000
FRSH,28-Apr-2015,17.36,17.71,16.82,17.35,92400
FSAM,28-Apr-2015,11.18,11.4,11,11.4,55700
FSBK,28-Apr-2015,8.2,8.2,8.1,8.17,22000
FSBW,28-Apr-2015,19.94,21.32,19.94,20.2,3700
FSC,28-Apr-2015,7.12,7.15,7.04,7.1,1116400
FSCFL,28-Apr-2015,24.99,25.25,24.85,25,7400
FSFG,28-Apr-2015,28.05,28.05,28.05,28.05,0
FSFR,28-Apr-2015,10.79,10.95,10.78,10.94,121500
FSLR,28-Apr-2015,62.87,63.71,62.1,63.57,1585200
FSNN,28-Apr-2015,3.9,4.1,3.7,3.79,30400
FSTR,28-Apr-2015,44.93,46.49,44.89,45.22,54400
FTCS,28-Apr-2015,38.63,38.65,38.13,38.5,26500
FTD,28-Apr-2015,29.53,29.86,28.92,29.52,99700
FTEK,28-Apr-2015,2.8,2.91,2.8,2.83,52900
FTGC,28-Apr-2015,24.59,24.67,24.56,24.61,43300
FTHI,28-Apr-2015,20.83,20.88,20.82,20.88,900
FTLB,28-Apr-2015,20.6,20.75,20.6,20.75,2100
FTNT,28-Apr-2015,38.39,38.68,37.75,38.56,1529400
FTR,28-Apr-2015,6.87,7.02,6.73,7.02,7715300
FTSL,28-Apr-2015,49.39,49.44,49.33,49.34,41200
FTSM,28-Apr-2015,60.04,60.07,60.04,60.05,56900
FUEL,28-Apr-2015,8.8,8.87,8.66,8.75,528500
FULL,28-Apr-2015,3.61,3.65,3.56,3.56,119800
FULLL,28-Apr-2015,25.7,25.7,25.7,25.7,0
FULT,28-Apr-2015,11.95,12.15,11.95,12.12,1894300
FUNC,28-Apr-2015,8.63,8.63,8.63,8.63,0
FUND,28-Apr-2015,7.51,7.63,7.49,7.56,44800
FV,28-Apr-2015,24.07,24.11,23.65,23.89,1959500
FWP,28-Apr-2015,31.92,32.08,30.72,31.34,56900
FWRD,28-Apr-2015,52.5,52.9,51.96,52.69,152400
GABC,28-Apr-2015,30.25,30.5,29.74,30.38,19100
GAIA,28-Apr-2015,7.02,7.03,6.8,6.8,29900
GAIN,28-Apr-2015,7.57,7.61,7.54,7.61,104800
GAINO,28-Apr-2015,25.74,25.74,25.74,25.74,200
GALE,28-Apr-2015,28.2,28.2,27.2,27.4,2752600
GALT,28-Apr-2015,3.25,3.25,3.03,3.12,118800
GALTW,28-Apr-2015,1.05,1.05,1.05,1.05,0
GARS,28-Apr-2015,14.93,15.04,14.86,14.92,39000
GASS,28-Apr-2015,6.84,7.04,6.77,7.02,81400
GBCI,28-Apr-2015,25.9,26.51,25.85,26.37,352300
GBDC,28-Apr-2015,17.51,17.73,17.45,17.71,177600
GBLI,28-Apr-2015,28.19,29.68,27.6,29.26,34400
GBNK,28-Apr-2015,15.95,16.15,15.55,16.03,246000
GCBC,28-Apr-2015,14.05,14.05,14.05,14.05,200
GCVRZ,28-Apr-2015,0.7,0.72,0.58,0.69,740900
GENC,28-Apr-2015,6.2933,6.4333,6.2933,6.3533,5700
GENE,28-Apr-2015,4.42,4.49,4.3,4.41,541900
GEOS,28-Apr-2015,21.43,21.92,21.01,21.75,127500
GERN,28-Apr-2015,4.04,4.09,3.71,3.91,4801800
GEVO,28-Apr-2015,2.45,2.54,2.25,2.42,384100
GFED,28-Apr-2015,14.6,14.6,14.37,14.6,16300
GFN,28-Apr-2015,8,8.11,7.82,7.88,32600
GFNCP,28-Apr-2015,107.39,107.39,107.39,107.39,100
GFNSL,28-Apr-2015,26.25,26.47,26.15,26.47,2400
GGAL,28-Apr-2015,22.54,23.11,22.35,22.96,221900
GHDX,28-Apr-2015,29.48,30.09,28.2,29.15,136400
GIFI,28-Apr-2015,14.25,14.25,13.5,13.6,48700
GIGA,28-Apr-2015,1.45,1.5,1.45,1.46,47600
GIGM,28-Apr-2015,4.65,4.65,4.05,4.35,158000
GIII,28-Apr-2015,58.735,58.735,57.165,57.79,211300
GILD,28-Apr-2015,103,103.83,101.14,103.72,9793700
GILT,28-Apr-2015,6.34,6.35,6.21,6.22,13300
GK,28-Apr-2015,71.69,71.84,71.07,71.5,66200
GLAD,28-Apr-2015,8.82,8.88,8.78,8.87,45300
GLADO,28-Apr-2015,25.54,25.54,25.45,25.45,400
GLBS,28-Apr-2015,7.6,7.8,6,6.52,60700
GLBZ,28-Apr-2015,12.5,12.5,12.5,12.5,200
GLDD,28-Apr-2015,6.02,6.2,6.02,6.16,143000
GLDI,28-Apr-2015,11.89,12,11.89,11.94,7400
GLMD,28-Apr-2015,9.15,9.92,8.86,9.58,87500
GLNG,28-Apr-2015,34.79,35.81,34.68,35.53,1306500
GLPI,28-Apr-2015,36.1,36.38,36.06,36.24,239300
GLRE,28-Apr-2015,30.78,31.18,30.75,30.77,146900
GLUU,28-Apr-2015,5.5,5.6,5.08,5.11,6855800
GLYC,28-Apr-2015,8.5,8.61,8.25,8.42,22000
GMAN,28-Apr-2015,8.23,8.5,8.14,8.3,112800
GMLP,28-Apr-2015,28.71,29.08,28.26,28.96,226000
GNBC,28-Apr-2015,12.02,12.93,11.92,12.7,40400
GNCA,28-Apr-2015,11.55,11.85,11.01,11.55,134000
GNCMA,28-Apr-2015,16.37,17.09,16.37,16.7,135200
GNMA,28-Apr-2015,50.69,50.75,50.51,50.72,1700
GNMK,28-Apr-2015,10.31,10.42,9.93,10.04,260500
GNTX,28-Apr-2015,17.82,17.87,17.65,17.78,1511400
GNVC,28-Apr-2015,2.81,2.86,2.75,2.78,38900
GOGL,28-Apr-2015,26.95,27,26.35,26.55,173300
GOGO,28-Apr-2015,21.78,22.16,21.43,21.8,410200
GOLD,28-Apr-2015,75.81,77.58,75.75,77.39,872500
GOOD,28-Apr-2015,18.61,18.62,18.5,18.62,84000
GOODO,28-Apr-2015,25.4,25.41,25.35,25.35,1400
GOODP,28-Apr-2015,25.45,25.45,25.45,25.45,400
GOOG,28-Apr-2015,553.85,556.02,550.37,553.68,1490900
GOOGL,28-Apr-2015,564.32,567.83,560.96,564.37,1859700
GPIC,28-Apr-2015,11.91,11.95,11.84,11.9,15000
GPOR,28-Apr-2015,48.64,48.64,47.52,48.33,1177000
GPRE,28-Apr-2015,30.67,32.16,30.46,32.15,1605500
GPRO,28-Apr-2015,45.87,47.1,45.39,47.02,12507900
GRBK,28-Apr-2015,8.44,8.5,8.27,8.49,49500
GRFS,28-Apr-2015,16.29,16.385,15.96,16.06,1158800
GRID,28-Apr-2015,37.39,37.39,36.59,36.59,400
GRIF,28-Apr-2015,31.29,31.83,31.17,31.51,3300
GRMN,28-Apr-2015,46.45,47.7,46.4,47.49,2314600
GROW,28-Apr-2015,3.22,3.35,3.13,3.13,33000
GRPN,28-Apr-2015,7.06,7.11,6.86,7,8958800
GRVY,28-Apr-2015,4.08,4.08,4,4.08,2300
GSBC,28-Apr-2015,40.78,41.41,40.5,41.23,49800
GSIT,28-Apr-2015,5.27,5.29,5.27,5.29,14900
GSM,28-Apr-2015,21.13,21.34,20.93,21.04,281100
GSOL,28-Apr-2015,5.56,5.6,5.46,5.59,23300
GSVC,28-Apr-2015,9.8,9.98,9.43,9.49,259900
GT,28-Apr-2015,27.42,27.59,26.92,27.21,5695000
GTIM,28-Apr-2015,8.22,8.33,8.04,8.2,70100
GTLS,28-Apr-2015,41.84,43.38,41,42.71,790900
GTWN,28-Apr-2015,18.1,18.1,18.1,18.1,0
GTXI,28-Apr-2015,0.78,0.78,0.7,0.75,108800
GUID,28-Apr-2015,6.09,6.13,6,6.11,93800
GULF,28-Apr-2015,20.75,20.87,20.75,20.8,4000
GURE,28-Apr-2015,2.44,2.6,2.42,2.58,147700
GWGH,28-Apr-2015,6.82,7.18,6.82,7.18,1500
GWPH,28-Apr-2015,114.01,117.61,109.02,114.04,825200
GYRO,28-Apr-2015,4.45,4.55,4.15,4.37,127600
HA,28-Apr-2015,23.8,24.76,23.35,24.1,1612200
HABT,28-Apr-2015,34.84,35.3,33.4,35.1,505300
HAFC,28-Apr-2015,21.41,21.93,21.41,21.82,131000
HAIN,28-Apr-2015,60.38,60.87,59.57,60.38,908900
HALL,28-Apr-2015,11.36,11.76,11.32,11.59,49000
HALO,28-Apr-2015,15.84,16.17,15.21,15.8,1360400
HAS,28-Apr-2015,71.14,71.36,70.33,71.11,1310700
HAWK,28-Apr-2015,35.53,36.1,35.2,35.57,422200
HAYN,28-Apr-2015,46,46.83,46,46.67,23300
HBAN,28-Apr-2015,10.73,10.84,10.67,10.79,13316500
HBANP,28-Apr-2015,1367,1367,1350,1366,200
HBCP,28-Apr-2015,21.9,21.9,21.16,21.58,18600
HBHC,28-Apr-2015,28.34,28.8,28.33,28.75,999300
HBHCL,28-Apr-2015,24.72,24.72,24.65,24.65,31100
HBIO,28-Apr-2015,6.07,6.13,5.79,5.84,140100
HBK,28-Apr-2015,13.6,13.6,13.47,13.57,3200
HBMD,28-Apr-2015,13.92,13.92,13.12,13.12,200
HBNC,28-Apr-2015,15.5,15.96,15.4133,15.8467,16200
HBP,28-Apr-2015,3.69,3.7,3.65,3.66,2100
HCAP,28-Apr-2015,13.42,13.62,13.33,13.37,5100
HCAPL,28-Apr-2015,25.75,25.75,25.7,25.71,1500
HCCI,28-Apr-2015,12.16,12.16,11.91,12.03,67400
HCKT,28-Apr-2015,9.86,10.09,9.85,10.04,47800
HCOM,28-Apr-2015,26.9,26.97,26.51,26.83,11000
HCSG,28-Apr-2015,31.85,32.01,31.54,31.91,253700
HDNG,28-Apr-2015,10.62,11.11,10.61,10.99,21500
HDP,28-Apr-2015,21.49,21.49,20.8,21.3,184400
HDRA,28-Apr-2015,9.63,9.63,9.63,9.63,0
HDRAR,28-Apr-2015,0.38,0.38,0.38,0.38,2600
HDRAU,28-Apr-2015,10.04,10.04,10.04,10.04,0
HDRAW,28-Apr-2015,0.22,0.22,0.22,0.22,0
HDS,28-Apr-2015,33.52,33.7,33.23,33.69,1210300
HDSN,28-Apr-2015,4.29,4.33,4.2,4.3,47700
HEAR,28-Apr-2015,2.6,2.6,2.3,2.36,163300
HEES,28-Apr-2015,24.33,24.81,24.09,24.53,497500
HELE,28-Apr-2015,78.4,79.99,77.94,79.85,226400
HEOP,28-Apr-2015,8.14,8.16,8.06,8.14,49400
HFBC,28-Apr-2015,12.99,12.99,12.99,12.99,100
HFBL,28-Apr-2015,19.36,19.4,19.34,19.4,4800
HFWA,28-Apr-2015,17.25,17.44,17.19,17.4,103100
HGSH,28-Apr-2015,3.1,3.11,3.08,3.08,1700
HIBB,28-Apr-2015,48.37,48.56,47.76,48.13,355800
HIFS,28-Apr-2015,110,110,108.59,109.64,1200
HIHO,28-Apr-2015,3.29,3.38,3.24,3.38,25400
HIIQ,28-Apr-2015,7.39,7.76,7.39,7.66,17400
HIMX,28-Apr-2015,6.15,6.23,6.1,6.18,1169800
HLIT,28-Apr-2015,7.32,7.47,7.3,7.45,415800
HMHC,28-Apr-2015,23.27,24.04,23.18,23.83,730000
HMNF,28-Apr-2015,12.15,12.15,12.15,12.15,300
HMNY,28-Apr-2015,2.72,2.72,2.55,2.6,8400
HMST,28-Apr-2015,20,21.05,19.86,20.76,308100
HMSY,28-Apr-2015,17.04,17.47,16.92,17.35,1303900
HMTV,28-Apr-2015,12.78,12.9,12.71,12.83,7200
HNH,28-Apr-2015,36.48,37.58,36.48,37.16,23500
HNNA,28-Apr-2015,18.81,19.74,18.81,19.42,7100
HNRG,28-Apr-2015,11.72,11.85,11.64,11.69,49200
HOFT,28-Apr-2015,25.58,26.67,25.57,25.76,109200
HOLI,28-Apr-2015,23.37,23.63,22.6,23.01,608600
HOLX,28-Apr-2015,33.08,33.3,32.72,33.04,2713700
HOMB,28-Apr-2015,16.695,17.145,16.695,17.125,122200
HOTR,28-Apr-2015,2.74,2.76,2.51,2.56,276400
HOTRW,28-Apr-2015,0.38,0.38,0.38,0.38,100
HOVNP,28-Apr-2015,13.74,14.13,13.74,14.1,28200
HPJ,28-Apr-2015,4.29,4.4,4.2,4.37,31300
HQCL,28-Apr-2015,22.1,23.3,21.1,23.2,441000
HQY,28-Apr-2015,26.11,27.88,25.94,27.76,557600
HRMNU,28-Apr-2015,10.03,10.08,10.03,10.03,1400
HRMNW,28-Apr-2015,0.35,0.35,0.35,0.35,0
HRTX,28-Apr-2015,12.57,12.66,11.92,12,317400
HRZN,28-Apr-2015,14.15,14.24,14.04,14.1,26100
HSGX,28-Apr-2015,8.54,9.2,7.93,9.2,26000
HSIC,28-Apr-2015,139.77,140.28,138.36,140.04,483600
HSII,28-Apr-2015,25,25.48,24.02,25.18,348000
HSKA,28-Apr-2015,29.16,29.16,27.5,29.09,90500
HSNI,28-Apr-2015,64.79,65.05,63.95,64.65,270000
HSON,28-Apr-2015,2.58,2.71,2.55,2.55,29800
HSTM,28-Apr-2015,31.3,31.49,30.92,31.12,99100
HTBI,28-Apr-2015,15.88,16.01,15.88,16,48200
HTBK,28-Apr-2015,9.13,9.39,9.13,9.36,56100
HTBX,28-Apr-2015,6.56,6.56,5.85,6.51,69800
HTHT,28-Apr-2015,23.91,24,22.86,23.03,111000
HTLD,28-Apr-2015,21.15,21.5,21.04,21.4,678900
HTLF,28-Apr-2015,33.15,34.74,33.15,34.57,178900
HUBG,28-Apr-2015,40.22,41.13,39.98,40.74,364100
HURC,28-Apr-2015,33.83,34.18,33.62,33.78,22500
HURN,28-Apr-2015,68.01,68.09,66.95,67.69,157700
HWAY,28-Apr-2015,17.43,17.86,17.2,17.82,502100
HWBK,28-Apr-2015,13.9,13.9,13.9,13.9,0
HWCC,28-Apr-2015,9.62,9.78,9.56,9.67,77200
HWKN,28-Apr-2015,40.69,41.45,40.68,41.29,11900
HYGS,28-Apr-2015,12.92,12.97,12.44,12.6,43800
HYLS,28-Apr-2015,50.76,50.85,50.64,50.76,18400
HYND,28-Apr-2015,21.55,21.56,21.54,21.55,600
HYZD,28-Apr-2015,24.21,24.21,24.21,24.21,0
HZNP,28-Apr-2015,29.62,30.36,27.92,29.57,5540500
IART,28-Apr-2015,60.83,61.84,59.96,61.68,100200
IBB,28-Apr-2015,349.44,352.53,338.6,344.5,4307000
IBCP,28-Apr-2015,13.17,13.35,13.09,13.25,32800
IBKC,28-Apr-2015,62.88,63.34,62.43,62.97,420800
IBKR,28-Apr-2015,33.89,34.5,33.89,34.3,415900
IBOC,28-Apr-2015,25.75,26.55,25.73,26.47,100600
IBTX,28-Apr-2015,38.31,39.6,38.25,39.18,27400
ICAD,28-Apr-2015,10.15,10.28,9.63,10.15,35700
ICBK,28-Apr-2015,19.63,19.96,19.63,19.96,800
ICCC,28-Apr-2015,6.13,6.13,6.1,6.12,3400
ICFI,28-Apr-2015,40.27,41.35,40.27,41.27,53300
ICLN,28-Apr-2015,12.77,13.02,12.68,13.02,142100
ICLR,28-Apr-2015,71,71.19,63.75,64.36,3020200
ICON,28-Apr-2015,27.37,27.5,26.83,26.93,3129300
ICPT,28-Apr-2015,268,274.38,253.96,267.19,522000
ICUI,28-Apr-2015,87.58,88.5,86.31,87.91,127900
IDCC,28-Apr-2015,54.31,54.79,53.35,54.69,705300
IDRA,28-Apr-2015,3.05,3.13,2.85,3.01,2356900
IDSA,28-Apr-2015,3.92,4,3.83,4,9200
IDSY,28-Apr-2015,7.1,7.1,7.06,7.06,47200
IDTI,28-Apr-2015,18.57,18.76,18.13,18.55,3913500
IDXX,28-Apr-2015,73.505,74.75,66.73,66.78,2453900
IEP,28-Apr-2015,92.1,92.79,91.64,92.75,42500
IESC,28-Apr-2015,8.74,8.75,8.53,8.73,5800
IEUS,28-Apr-2015,47.36,47.36,46.65,46.83,6300
IFEU,28-Apr-2015,39.37,39.69,39.37,39.61,19500
IFGL,28-Apr-2015,32.36,32.43,32.24,32.41,85600
IFON,28-Apr-2015,2.57,2.57,2.32,2.38,366400
IFV,28-Apr-2015,20.52,20.52,20.32,20.47,1058800
IGLD,28-Apr-2015,4.99,5.04,4.87,4.93,8000
IGOV,28-Apr-2015,92.76,93.31,92.44,93.24,125200
III,28-Apr-2015,3.97,4.08,3.95,4.05,80000
IIIN,28-Apr-2015,21.78,22.41,21.47,21.73,39900
IIJI,28-Apr-2015,8.65,9.48,8.56,8.56,2300
IIN,28-Apr-2015,7.82,7.82,7.62,7.65,11800
IIVI,28-Apr-2015,19,19.59,18.52,19.2,499900
IKGH,28-Apr-2015,1.83,1.85,1.79,1.79,66600
IKNX,28-Apr-2015,14.63,14.63,14.63,14.63,1900
ILMN,28-Apr-2015,184.7,186.26,178.68,184.38,1448200
IMDZ,28-Apr-2015,24.84,26.16,23.26,23.75,135700
IMGN,28-Apr-2015,8.82,8.88,8.15,8.68,2174100
IMI,28-Apr-2015,1.79,1.8,1.73,1.74,28300
IMKTA,28-Apr-2015,45.75,46.25,44.28,44.87,169800
IMMR,28-Apr-2015,10.04,10.52,9.95,10.34,243500
IMMU,28-Apr-2015,4.04,4.06,3.86,3.89,847800
IMMY,28-Apr-2015,8.1,8.1,7.89,7.99,3200
IMNP,28-Apr-2015,1.96,1.96,1.9,1.94,134100
IMOS,28-Apr-2015,24.01,24.01,23.29,23.51,92000
INAP,28-Apr-2015,10.36,10.5,10.25,10.43,456100
INBK,28-Apr-2015,22,22.1,21.88,22,52900
INCR,28-Apr-2015,35.64,36.81,35.32,36.58,268800
INCY,28-Apr-2015,101.73,104.01,97.14,99.6,1931100
INDB,28-Apr-2015,41.63,42.28,41.57,42.11,76500
INDY,28-Apr-2015,29.89,30.11,29.83,30.07,390000
INFI,28-Apr-2015,13.93,14.68,13.11,14.38,989100
INFN,28-Apr-2015,19.95,20.23,19.71,20.1,2490000
INGN,28-Apr-2015,38.1,38.32,36.8,37.78,176500
ININ,28-Apr-2015,44.3,45.83,43.85,44.89,104100
INNL,28-Apr-2015,9.97,10,9.34,9.82,12600
INO,28-Apr-2015,10.15,10.3,9.53,9.71,1099900
INOD,28-Apr-2015,2.76,2.8,2.75,2.8,19900
INOV,28-Apr-2015,26.28,26.55,26.01,26.26,263000
INSM,28-Apr-2015,21.93,22.26,20.75,21.03,880600
INSY,28-Apr-2015,27.78,29.21,26.915,27.67,1057300
INTC,28-Apr-2015,32.34,33.04,32.23,33.02,29572800
INTG,28-Apr-2015,19.57,19.97,19.5,19.97,6900
INTL,28-Apr-2015,32.16,33.43,32.15,33.31,158800
INTU,28-Apr-2015,101.12,102.17,100.83,101.65,885800
INTX,28-Apr-2015,3.35,3.42,3.23,3.3,117000
INVE,28-Apr-2015,9.65,10.12,9.65,10.02,73400
INVT,28-Apr-2015,3.7,3.7,3.4,3.4,118900
INWK,28-Apr-2015,6.43,6.62,6.43,6.61,73900
IOSP,28-Apr-2015,45.25,45.25,44.63,45.01,100900
IPAR,28-Apr-2015,31.66,32.52,31.33,31.84,50000
IPAS,28-Apr-2015,1.18,1.22,1.17,1.21,47400
IPCC,28-Apr-2015,77.15,78.42,77.15,77.8,19400
IPCI,28-Apr-2015,3.02,3.16,2.9,2.95,152300
IPDN,28-Apr-2015,24,24.4,23.92,24.4,5000
IPGP,28-Apr-2015,100,102.49,92.28,92.82,762100
IPHS,28-Apr-2015,58,58,52.76,53.98,340700
IPKW,28-Apr-2015,28.59,28.59,28.44,28.49,29200
IPWR,28-Apr-2015,10.3,11.1,10.3,10.93,71300
IPXL,28-Apr-2015,46.66,47.85,46.19,46.99,692000
IQNT,28-Apr-2015,18.93,19.55,18.93,19.33,305200
IRBT,28-Apr-2015,33.95,34.01,33.09,33.33,402200
IRCP,28-Apr-2015,31,31,31,31,0
IRDM,28-Apr-2015,10.77,11.2,10.77,11.11,1141700
IRDMB,28-Apr-2015,381.2,381.2,381.2,381.2,0
IRG,28-Apr-2015,3.82,3.82,3.71,3.77,63800
IRIX,28-Apr-2015,10.58,10.58,10.1,10.39,27800
IRMD,28-Apr-2015,15.95,16.01,15.75,15.8,22200
IROQ,28-Apr-2015,16.51,16.63,16.5,16.63,22500
IRWD,28-Apr-2015,14.66,14.85,13.87,14.44,1016800
ISBC,28-Apr-2015,11.86,12.01,11.82,11.96,2586400
ISCA,28-Apr-2015,36.64,36.85,36.22,36.83,154200
ISHG,28-Apr-2015,79.43,79.98,79.43,79.77,4700
ISIG,28-Apr-2015,3,3.05,3,3.02,14200
ISIL,28-Apr-2015,14.11,14.16,13.87,14.05,878600
ISLE,28-Apr-2015,14.93,15.39,14.67,15.17,270100
ISM,28-Apr-2015,24.15,24.18,24.15,24.15,700
ISNS,28-Apr-2015,2.75,3.03,2.68,2.9,389900
ISRG,28-Apr-2015,501,508.36,493.93,504.94,344700
ISRL,28-Apr-2015,128.93,128.93,128.93,128.93,0
ISSC,28-Apr-2015,3.9,3.9,3.78,3.78,5800
ISTR,28-Apr-2015,15.58,15.99,15.31,15.34,3300
ITCI,28-Apr-2015,21,21.3,19.86,20.64,213800
ITEK,28-Apr-2015,5.5,5.61,5.25,5.6,202100
ITIC,28-Apr-2015,72,72,72,72,200
ITRI,28-Apr-2015,37.21,37.55,36.78,37.53,134100
ITRN,28-Apr-2015,23.27,23.45,23.14,23.27,6000
IVAC,28-Apr-2015,5.19,5.32,5.16,5.24,68000
IXYS,28-Apr-2015,11.6,11.77,11.6,11.72,68700
JACK,28-Apr-2015,92.11,94.1,91.18,93.63,360800
JAKK,28-Apr-2015,6.75,6.93,6.75,6.89,459200
JASN,28-Apr-2015,7.37,7.43,7.3,7.38,16800
JASNW,28-Apr-2015,0.87,0.87,0.87,0.87,0
JASO,28-Apr-2015,10.15,10.6,10.02,10.59,2234000
JAZZ,28-Apr-2015,183.16,185,177.36,182.8,549100
JBHT,28-Apr-2015,88.81,89.86,88.42,89.13,978400
JBLU,28-Apr-2015,19.71,21.28,18.97,21.02,25754200
JBSS,28-Apr-2015,50.01,51.79,45.66,51.51,246000
JCOM,28-Apr-2015,70.03,70.65,69.56,70.3,160800
JCS,28-Apr-2015,11.09,11.36,11.06,11.19,9900
JCTCF,28-Apr-2015,11.15,11.21,11.15,11.15,2100
JD,28-Apr-2015,35.45,35.5,34.43,35.02,8637200
JIVE,28-Apr-2015,5.38,5.49,5.34,5.43,203000
JJSF,28-Apr-2015,102.11,109.81,102.11,108.22,88300
JKHY,28-Apr-2015,67.09,68.01,66.94,67.95,226400
JMBA,28-Apr-2015,16.11,16.39,15.96,16.24,149600
JNP,28-Apr-2015,7.5,7.56,7.34,7.37,3900
JOBS,28-Apr-2015,36.14,37.77,36.14,37.61,362300
JOUT,28-Apr-2015,31.85,32.58,31.85,32.28,16000
JRJC,28-Apr-2015,5.66,5.74,5.32,5.48,494500
JRVR,28-Apr-2015,23.56,23.98,23.25,23.62,123900
JSM,28-Apr-2015,22.65,22.76,22.54,22.72,28400
JTPY,28-Apr-2015,3.06,3.14,3.05,3.11,8200
JUNO,28-Apr-2015,51.35,52.44,47.03,47.3,2444400
JVA,28-Apr-2015,4.83,4.83,4.8,4.82,13600
JXSB,28-Apr-2015,23,23,22.97,23,1300
JYNT,28-Apr-2015,10,10.87,9.51,10.56,17400
KALU,28-Apr-2015,79.26,80.39,79.11,79.7,243400
KANG,28-Apr-2015,17.31,17.74,17.22,17.72,248500
KBAL,28-Apr-2015,10.41,10.72,10.4,10.66,67900
KBSF,28-Apr-2015,7.91,7.91,7.91,7.91,0
KCAP,28-Apr-2015,6.2,6.2,5.97,6.1,280100
KE,28-Apr-2015,13.37,13.48,12.98,13.07,53800
KELYA,28-Apr-2015,17.02,17.32,16.89,17.29,123600
KEQU,28-Apr-2015,16.55,16.55,16.38,16.45,2500
KERX,28-Apr-2015,11.04,11.36,10.58,11.11,2048400
KEYW,28-Apr-2015,10.19,10.48,10.1,10.37,291400
KFFB,28-Apr-2015,8.27,8.27,8.27,8.27,0
KFRC,28-Apr-2015,22.35,22.56,21.91,22.46,134300
KGJI,28-Apr-2015,1.39,1.41,1.38,1.39,112500
KIN,28-Apr-2015,7.22,7.3,7.14,7.23,35300
KINS,28-Apr-2015,7.42,7.5,7.41,7.47,3800
KIRK,28-Apr-2015,24.45,24.49,23.94,24.46,93400
KITE,28-Apr-2015,55.2,57.14,52.5,55.09,1407900
KLAC,28-Apr-2015,59.49,59.94,58.95,59.77,1136800
KLIC,28-Apr-2015,15.43,15.62,15.23,15.55,422600
KLXI,28-Apr-2015,40.14,41.04,39.77,40.96,276900
KMDA,28-Apr-2015,4.58,4.72,4.58,4.61,10200
KMPH,28-Apr-2015,11,11.72,11,11,111500
KNDI,28-Apr-2015,12.42,12.58,12.15,12.31,353400
KONA,28-Apr-2015,26.69,27.76,26.5,27.4,119700
KONE,28-Apr-2015,5.28,5.36,4.83,4.99,10300
KOOL,28-Apr-2015,18.6,19,17.8,18,31500
KOPN,28-Apr-2015,3.56,3.62,3.55,3.6,92800
KOSS,28-Apr-2015,2.28,2.34,2.28,2.32,4900
KPTI,28-Apr-2015,29.44,29.44,27.17,28.48,338400
KRNT,28-Apr-2015,14.9,14.9,14.37,14.59,41200
KRNY,28-Apr-2015,13.58,13.58,13.45,13.49,57900
KTCC,28-Apr-2015,11.22,11.4,11.16,11.34,21800
KTEC,28-Apr-2015,13.01,13.1,13.01,13.1,9900
KTOS,28-Apr-2015,5.73,5.75,5.58,5.69,278400
KTWO,28-Apr-2015,22,22.51,21.42,22.05,65700
KVHI,28-Apr-2015,14.27,14.81,14.26,14.75,21100
KWEB,28-Apr-2015,40.57,40.58,39.61,40.16,38900
KZ,28-Apr-2015,6.79,6.98,6.5,6.93,207200
LABL,28-Apr-2015,65.78,66.81,65.31,65.74,72700
LAKE,28-Apr-2015,9.29,9.47,8.6,8.75,240400
LALT,28-Apr-2015,23.38,23.38,23.33,23.34,1300
LAMR,28-Apr-2015,59.31,59.74,59.08,59.35,458700
LANC,28-Apr-2015,93.71,95.54,93.56,94.93,45000
LAND,28-Apr-2015,12.2,12.27,12.13,12.2,13000
LARK,28-Apr-2015,26.8,26.8,24.71,26.8,600
LAWS,28-Apr-2015,23.17,23.9,23.17,23.4,10500
LAYN,28-Apr-2015,6.5,6.61,6.02,6.53,351400
LBAI,28-Apr-2015,11.84,12.1,11.84,11.98,59000
LBIO,28-Apr-2015,12,12.49,11.43,12.07,627500
LBIX,28-Apr-2015,3.3,3.34,3.21,3.21,7100
LBRDA,28-Apr-2015,53.57,53.66,52.72,53.4,187300
LBRDK,28-Apr-2015,53.81,53.81,52.84,53.49,393700
LBTYA,28-Apr-2015,51.8,52.85,51.78,52.57,1545000
LBTYB,28-Apr-2015,50.72,50.72,50.72,50.72,0
LBTYK,28-Apr-2015,50.08,50.88,50,50.71,1342600
LCNB,28-Apr-2015,15.8,15.82,15.71,15.82,2700
LCUT,28-Apr-2015,15.54,15.83,15.48,15.73,14100
LDRI,28-Apr-2015,25.03,25.03,25.03,25.03,0
LE,28-Apr-2015,28.87,30,28.82,29.26,485200
LECO,28-Apr-2015,67.21,67.47,66.78,67.35,262100
LEDS,28-Apr-2015,0.9,0.9,0.86,0.9,17700
LENS,28-Apr-2015,7.88,8.25,7.68,8.02,8200
LFUS,28-Apr-2015,96.84,98.98,96.54,97.59,232500
LFVN,28-Apr-2015,5.46,5.6,5.32,5.39,207500
LGCY,28-Apr-2015,13.39,13.39,13.11,13.28,497600
LGCYO,28-Apr-2015,21.67,21.98,21.5,21.81,28000
LGCYP,28-Apr-2015,21.44,21.65,21.43,21.64,10400
LGIH,28-Apr-2015,16.76,17.41,16.76,17.24,69300
LGND,28-Apr-2015,87.37,88.39,80.6,81.53,762900
LHCG,28-Apr-2015,34.08,35.34,33.21,35.18,61900
LINC,28-Apr-2015,2.38,2.38,2.26,2.34,23700
LION,28-Apr-2015,17.08,17.13,16.93,17,62500
LIOX,28-Apr-2015,5.64,5.96,5.61,5.83,577300
LIVE,28-Apr-2015,2.95,3.05,2.95,3,196200
LJPC,28-Apr-2015,22.43,22.65,20.89,21.39,166700
LKFN,28-Apr-2015,26.88,27.1667,26.74,27.14,37400
LKQ,28-Apr-2015,25.18,25.35,24.97,25.01,1963500
LLNW,28-Apr-2015,3.62,3.73,3.6,3.72,177400
LLTC,28-Apr-2015,46.1,46.76,45.95,46.76,2239400
LMAT,28-Apr-2015,8.87,8.9,8.67,8.85,30800
LMBS,28-Apr-2015,50.44,50.5,50.31,50.31,15800
LMCA,28-Apr-2015,38.87,39.01,38.47,38.95,469800
LMCK,28-Apr-2015,38.34,38.59,37.87,38.55,318500
LMIA,28-Apr-2015,11.76,12.04,11.72,11.88,25900
LMNR,28-Apr-2015,23.78,24.21,23.78,23.96,28200
LMNX,28-Apr-2015,15.72,16.21,15.64,16.17,226200
LMOS,28-Apr-2015,15.05,15.47,14.91,15.46,45200
LMRK,28-Apr-2015,18.26,18.26,18.1,18.17,12100
LNCE,28-Apr-2015,30.89,31.29,30.65,31.13,113200
LNDC,28-Apr-2015,14.39,14.93,14.35,14.84,129700
LOAN,28-Apr-2015,4.42,4.6,4.42,4.59,27300
LOCO,28-Apr-2015,28.28,28.64,27.78,28.27,610100
LOGI,28-Apr-2015,14.51,14.74,14.44,14.7,483700
LOGM,28-Apr-2015,58.4,59.18,57.78,58.62,267000
LOPE,28-Apr-2015,44.52,45.2,44.13,44.75,175800
LORL,28-Apr-2015,69.33,69.66,69.03,69.39,58700
LOXO,28-Apr-2015,13.1,13.1,12.47,12.89,22600
LPCN,28-Apr-2015,6.9,6.97,6.54,6.68,198500
LPLA,28-Apr-2015,40.79,41.09,39.89,40.83,1197400
LPNT,28-Apr-2015,76.47,77.3,74.54,76.91,310800
LPSN,28-Apr-2015,9.54,9.83,9.52,9.81,241800
LPTH,28-Apr-2015,0.86,0.93,0.86,0.9,11000
LPTN,28-Apr-2015,31.22,31.92,30.24,30.52,47300
LQDT,28-Apr-2015,9.57,9.76,9.47,9.61,169600
LRAD,28-Apr-2015,2.48,2.53,2.43,2.48,27000
LRCX,28-Apr-2015,76.21,76.86,75.33,76.39,1727400
LSBK,28-Apr-2015,13.73,13.73,13.73,13.73,0
LSCC,28-Apr-2015,6.14,6.21,6.05,6.12,440800
LSTR,28-Apr-2015,64.09,64.35,63.36,63.73,494800
LTBR,28-Apr-2015,7.35,7.35,6.85,6.95,49600
LTRPA,28-Apr-2015,30.51,30.77,30.13,30.43,364700
LTRPB,28-Apr-2015,36.69,36.69,36.69,36.69,0
LTRX,28-Apr-2015,1.67,1.7,1.67,1.68,10800
LTXB,28-Apr-2015,25.29,26.35,25.29,26.27,240700
LULU,28-Apr-2015,65.36,65.57,63.96,64.66,1220100
LUNA,28-Apr-2015,1.34,1.38,1.34,1.37,5300
LVNTA,28-Apr-2015,42.82,43.1,42.29,42.7,310100
LWAY,28-Apr-2015,20.31,21.45,20.31,21.08,7800
LXRX,28-Apr-2015,7.42,7.7,7.14,7.42,1426700
LYTS,28-Apr-2015,9.01,9.16,9.01,9.09,25100
MACK,28-Apr-2015,12.32,12.8,11.91,12.15,1866700
MAGS,28-Apr-2015,5.06,5.1,4.92,5,27100
MAMS,28-Apr-2015,5.35,5.36,5.26,5.35,7400
MANH,28-Apr-2015,55,56.64,54.36,56.09,614800
MANT,28-Apr-2015,32.76,32.76,31.88,32.2,98200
MAR,28-Apr-2015,81.21,81.82,80.09,81.32,1804000
MARA,28-Apr-2015,5.67,5.91,5.67,5.81,32300
MARK,28-Apr-2015,4.1,4.3,4.01,4.3,8700
MARPS,28-Apr-2015,12.77,13,12.77,13,500
MASI,28-Apr-2015,34.85,34.98,33.98,34.86,189700
MAT,28-Apr-2015,28.6,28.79,28.37,28.61,7780600
MATR,28-Apr-2015,6.9,6.96,6.86,6.9,22100
MATW,28-Apr-2015,50.63,51.66,50.42,51.46,76500
MAYS,28-Apr-2015,48.99,48.99,48.99,48.99,0
MBCN,28-Apr-2015,31.71,31.71,31.71,31.71,0
MBFI,28-Apr-2015,29.98,30.86,29.84,30.82,254200
MBFIP,28-Apr-2015,27,27.27,26.97,27.1,4800
MBII,28-Apr-2015,3.66,3.85,3.5,3.75,50200
MBLX,28-Apr-2015,4.8,4.92,4.74,4.74,39100
MBRG,28-Apr-2015,18.27,18.27,18.25,18.25,700
MBSD,28-Apr-2015,25.28,25.28,25.28,25.28,300
MBTF,28-Apr-2015,5.6,5.65,5.58,5.62,15700
MBUU,28-Apr-2015,22.07,22.34,21.52,22.03,28300
MBVT,28-Apr-2015,29.22,31,29.22,29.8,77000
MBWM,28-Apr-2015,20.58,20.75,20.45,20.51,25000
MCBC,28-Apr-2015,5.34,5.35,5.32,5.34,35300
MCEP,28-Apr-2015,6.38,6.47,6.34,6.45,71400
MCHP,28-Apr-2015,47.34,48.03,47.07,47.94,1844900
MCHX,28-Apr-2015,4.65,4.66,4.37,4.46,203600
MCRI,28-Apr-2015,18.49,19.17,18.49,19.06,12100
MCUR,28-Apr-2015,9.65,9.9,9.11,9.88,19800
MDCA,28-Apr-2015,21.59,22.18,18,20.2,4372300
MDCO,28-Apr-2015,26.39,27,25.4,26.3,1178800
MDIV,28-Apr-2015,21.4,21.4,21.19,21.28,233500
MDLZ,28-Apr-2015,36.67,36.82,36.48,36.8,8316100
MDM,28-Apr-2015,3.84,3.9,3.82,3.88,15800
MDRX,28-Apr-2015,12.94,13.4,12.86,13.27,6942500
MDSO,28-Apr-2015,55.68,56.73,54.67,55.55,956700
MDSY,28-Apr-2015,2.15,2.26,2.15,2.26,900
MDVX,28-Apr-2015,4.34,4.7,3.86,3.86,360300
MDVXW,28-Apr-2015,0.7,0.7,0.7,0.7,7000
MDWD,28-Apr-2015,6.4,6.8,6.4,6.55,6700
MDXG,28-Apr-2015,9.77,10.01,9.19,9.9,1393700
MEET,28-Apr-2015,1.73,1.78,1.73,1.76,117700
MEIP,28-Apr-2015,2.07,2.11,2.02,2.09,784300
MELI,28-Apr-2015,141.4,142.18,139.2,140.24,734700
MELR,28-Apr-2015,14.4,14.4,14.4,14.4,0
MEMP,28-Apr-2015,17.5,17.79,17.4,17.65,417900
MENT,28-Apr-2015,24.3,24.75,24.14,24.58,340900
MEOH,28-Apr-2015,58.63,59.12,57.78,59.11,1009400
MERC,28-Apr-2015,14.22,14.41,13.93,14.41,386200
MFNC,28-Apr-2015,11.1,11.1,11.1,11.1,2100
MFRI,28-Apr-2015,5.65,5.99,5.55,5.86,55700
MFSF,28-Apr-2015,21.28,21.62,20.72,21.56,2900
MGCD,28-Apr-2015,6.66,7,6.66,6.95,2000
MGEE,28-Apr-2015,43.22,43.88,42.84,43.88,68500
MGI,28-Apr-2015,8.07,8.29,8.07,8.24,177400
MGIC,28-Apr-2015,6.56,6.56,6.44,6.47,16100
MGLN,28-Apr-2015,71,71.83,70.13,71.72,126100
MGNX,28-Apr-2015,32.26,33.18,30.26,32.02,177600
MGPI,28-Apr-2015,14.28,14.29,13.83,14.27,23200
MGRC,28-Apr-2015,33.54,34.57,33.39,34.46,54900
MGYR,28-Apr-2015,8.65,8.65,8.65,8.65,0
MHGC,28-Apr-2015,7.28,7.31,7.21,7.24,69700
MHLD,28-Apr-2015,14.66,15.06,14.66,15.04,214000
MICT,28-Apr-2015,2.39,2.39,2.33,2.35,3200
MICTW,28-Apr-2015,0.44,0.44,0.44,0.44,0
MIDD,28-Apr-2015,103.77,104.65,102.73,104.55,224200
MIFI,28-Apr-2015,6.44,6.55,5.89,6.41,598500
MIK,28-Apr-2015,27.03,27.06,26.5,26.84,455600
MIND,28-Apr-2015,4.95,4.98,4.81,4.96,19100
MINI,28-Apr-2015,41.22,41.57,40.63,41.52,207900
MITK,28-Apr-2015,3.2,3.33,3.16,3.33,134300
MITL,28-Apr-2015,9.53,9.65,9.46,9.59,509100
MKSI,28-Apr-2015,35.74,35.91,35.53,35.89,211400
MKTX,28-Apr-2015,87.99,90.17,87.67,89.84,416000
MLAB,28-Apr-2015,84.75,85.9,83.09,84.74,5200
MLHR,28-Apr-2015,28.55,28.71,28.25,28.6,158800
MLNK,28-Apr-2015,3.6,3.64,3.6,3.62,59400
MLNX,28-Apr-2015,47.42,47.85,46.25,47.19,623800
MLVF,28-Apr-2015,13.6,13.6,13.6,13.6,40000
MMAC,28-Apr-2015,9.96,10.02,9.95,10,25000
MMLP,28-Apr-2015,36.74,36.89,36.58,36.85,72600
MMSI,28-Apr-2015,20.59,21.16,20.26,20.85,474500
MMYT,28-Apr-2015,22.97,23.1,22.39,22.63,171400
MNDO,28-Apr-2015,2.68,2.84,2.64,2.82,346300
MNGA,28-Apr-2015,0.67,0.67,0.63,0.65,162000
MNKD,28-Apr-2015,4.63,4.73,4.5,4.65,5484700
MNOV,28-Apr-2015,3.89,3.9,3.7,3.84,44500
MNRO,28-Apr-2015,62.91,63.41,62.25,62.5,144900
MNST,28-Apr-2015,47.4267,47.4967,46.4033,46.9133,1197100
MNTA,28-Apr-2015,19.52,19.9,18.72,19.29,1424700
MNTX,28-Apr-2015,9.86,10.2,9.69,10.16,113700
MOBI,28-Apr-2015,5.12,5.2,4.76,4.89,350100
MOBL,28-Apr-2015,6.12,6.45,6.08,6.11,836900
MOCO,28-Apr-2015,17.9,17.91,17.47,17.9,5600
MOFG,28-Apr-2015,29.49,29.86,29.4,29.55,21200
MOMO,28-Apr-2015,12.52,12.73,11.6,11.7,528200
MORN,28-Apr-2015,75.72,77.16,75.5,76.72,47300
MOSY,28-Apr-2015,2.18,2.22,2.18,2.2,43500
MPAA,28-Apr-2015,29.26,29.87,28.97,29.5,114800
MPB,28-Apr-2015,15.72,15.75,15.63,15.73,800
MPEL,28-Apr-2015,21.5,22.1,21.49,21.96,4113100
MPET,28-Apr-2015,0.54,0.57,0.53,0.55,47700
MPWR,28-Apr-2015,50.33,51.14,49.8,50.98,540800
MRCC,28-Apr-2015,14.47,14.6,14.36,14.56,56700
MRCY,28-Apr-2015,14.71,14.95,14.27,14.92,175100
MRLN,28-Apr-2015,20.1,20.65,20.02,20.43,41300
MRNS,28-Apr-2015,9.03,9.03,8.5,8.71,26300
MRTN,28-Apr-2015,22.87,23.21,22.72,23.18,207500
MRTX,28-Apr-2015,27.1,28.16,25.84,28,65200
MRVC,28-Apr-2015,8.22,8.45,8.22,8.33,600
MRVL,28-Apr-2015,14.01,14.13,13.81,14.11,5986500
MSBF,28-Apr-2015,11.38,11.38,11.38,11.38,1100
MSCC,28-Apr-2015,33.42,33.51,32.74,33.33,608800
MSEX,28-Apr-2015,23.06,23.85,23.06,23.73,23000
MSFG,28-Apr-2015,19.98,20.03,19.88,19.96,41600
MSFT,28-Apr-2015,47.78,49.21,47.7,49.15,60730700
MSLI,28-Apr-2015,2.11,2.18,2.01,2.06,110500
MSON,28-Apr-2015,13.02,13.22,13,13.13,8900
MSTR,28-Apr-2015,173.2,174.33,169.01,169.7,118400
MTBC,28-Apr-2015,1.94,1.97,1.89,1.9,12100
MTEX,28-Apr-2015,19.65,20.1,19.65,19.88,5500
MTGE,28-Apr-2015,18.14,18.15,17.76,17.85,861900
MTGEP,28-Apr-2015,25.35,25.45,25.21,25.26,18200
MTLS,28-Apr-2015,7.44,7.61,7.3,7.6,37900
MTRX,28-Apr-2015,21.95,22.79,21.72,22.02,226500
MTSC,28-Apr-2015,72.44,74.1,72.44,73.84,34200
MTSI,28-Apr-2015,31.63,32.51,31.06,32.19,662800
MTSL,28-Apr-2015,1.81,1.87,1.72,1.73,34500
MU,28-Apr-2015,29.22,29.45,28.76,28.99,12372000
MVIS,28-Apr-2015,3.56,3.6,3.39,3.54,403500
MXIM,28-Apr-2015,33.12,33.31,32.67,33.13,2854900
MXWL,28-Apr-2015,6.23,6.4,6.12,6.18,633800
MYGN,28-Apr-2015,34.13,34.37,33.09,33.56,506500
MYL,28-Apr-2015,72.55,74.13,71.45,72.71,9460600
MYOS,28-Apr-2015,4.35,4.35,4.09,4.09,3300
MYRG,28-Apr-2015,30.47,30.93,30.24,30.93,152800
MZOR,28-Apr-2015,13.21,13.5,13.18,13.47,19900
NAII,28-Apr-2015,5.56,5.56,5.56,5.56,1000
NAME,28-Apr-2015,9.04,9.37,8.6,8.97,46200
NANO,28-Apr-2015,15.19,15.89,15.19,15.78,76700
NATH,28-Apr-2015,44.42,45.52,43.35,44.95,31100
NATI,28-Apr-2015,31.72,32.04,31.54,31.77,329600
NATL,28-Apr-2015,27.87,29,27.31,28.51,24400
NATR,28-Apr-2015,13.17,13.26,13.12,13.17,6000
NAUH,28-Apr-2015,3.34,3.34,3.28,3.33,21300
NAVG,28-Apr-2015,78.52,79.68,78.51,79.25,29600
NAVI,28-Apr-2015,19.86,19.98,19.67,19.9,2135800
NBIX,28-Apr-2015,39.26,40.48,37.06,37.78,1675700
NBN,28-Apr-2015,9.37,9.37,9.37,9.37,0
NBTB,28-Apr-2015,23.8,25.19,23.8,25.11,91700
NCIT,28-Apr-2015,10.02,10.13,10.01,10.04,12400
NCLH,28-Apr-2015,50.31,50.6,49.01,50.17,1301500
NCMI,28-Apr-2015,15.82,16.05,15.77,16.03,220200
NCOM,28-Apr-2015,21.7,21.8,21.61,21.79,8000
NCTY,28-Apr-2015,1.44,1.55,1.43,1.46,46800
NDAQ,28-Apr-2015,48.14,49.44,48.14,49.32,990200
NDLS,28-Apr-2015,21,21.28,20.55,20.85,167600
NDRM,28-Apr-2015,13.37,13.37,12,12.45,115900
NDSN,28-Apr-2015,80.1,80.17,79.4,80.01,131500
NEO,28-Apr-2015,4.3,4.8,4.14,4.73,795800
NEOG,28-Apr-2015,46.21,47.47,45.35,47.36,117200
NEON,28-Apr-2015,4.1,4.16,3.76,3.8,1024300
NEOT,28-Apr-2015,7.51,7.58,7.3,7.44,44600
NEPT,28-Apr-2015,1.72,1.75,1.69,1.75,36300
NERV,28-Apr-2015,5.58,5.6,5.2,5.38,44200
NETE,28-Apr-2015,11.8,11.8,11.5,11.6,133200
NEWS,28-Apr-2015,12,12.24,12,12.15,42500
NEWT,28-Apr-2015,17.13,17.2,17.03,17.11,21200
NFBK,28-Apr-2015,14.74,14.93,14.68,14.87,120000
NFEC,28-Apr-2015,2.24,2.26,2.01,2.14,27500
NFLX,28-Apr-2015,80.59,81.2786,79.9443,80.4371,1260900
NGHC,28-Apr-2015,19.59,19.7,19.43,19.68,64200
NGHCO,28-Apr-2015,24.85,24.9,24.81,24.85,38100
NGHCP,28-Apr-2015,25.02,25.08,25.01,25.08,2900
NHLD,28-Apr-2015,3.99,4.03,3.87,3.9,800
NHTC,28-Apr-2015,23.8,23.8,20.8,23.46,481400
NICE,28-Apr-2015,61.19,61.51,60.42,61.36,232000
NICK,28-Apr-2015,13.2,13.21,13.15,13.2,16900
NILE,28-Apr-2015,28.88,29.1,28.46,28.67,102900
NKSH,28-Apr-2015,29,29.92,28.77,29.48,12700
NKTR,28-Apr-2015,10.56,10.66,10,10.33,1894200
NLNK,28-Apr-2015,48.25,49.77,46.5,48.43,453600
NLST,28-Apr-2015,0.65,0.76,0.6,0.63,3414200
NMIH,28-Apr-2015,8.12,8.15,8,8.14,420600
NMRX,28-Apr-2015,11.44,11.73,11.44,11.58,20400
NNBR,28-Apr-2015,25.18,26.05,25.05,26.04,69600
NRCIA,28-Apr-2015,14.7,15.25,14.7,14.82,17000
NRCIB,28-Apr-2015,34.8,35.49,34.5,35.49,2500
NRIM,28-Apr-2015,24.51,24.9,24.49,24.8,14600
NSEC,28-Apr-2015,15.78,15.78,15.78,15.78,200
NSIT,28-Apr-2015,28.55,29.38,28.51,29.34,98000
NSSC,28-Apr-2015,5.37,5.47,5.34,5.35,15300
NSTG,28-Apr-2015,12.1,12.6,11.87,12.53,53500
NSYS,28-Apr-2015,4.75,4.82,4.72,4.82,1400
NTAP,28-Apr-2015,36.43,36.67,36.13,36.6,1486000
NTCT,28-Apr-2015,43.84,44.5,43.25,44.19,225600
NTES,28-Apr-2015,124,124.15,121.3,123.73,348900
NTGR,28-Apr-2015,29.92,30.66,29.84,30.51,468300
NTIC,28-Apr-2015,17.02,17.5,17,17.2,4800
NTRI,28-Apr-2015,20.28,20.42,20.05,20.16,268500
NTRS,28-Apr-2015,72.95,73.69,72.76,73.54,857800
NTRSP,28-Apr-2015,25.86,25.86,25.75,25.79,29100
NTWK,28-Apr-2015,5.97,6,5.93,5.95,13700
NUAN,28-Apr-2015,15.23,15.6,15.21,15.55,1901700
NURO,28-Apr-2015,5.08,5.84,4.96,5.84,455000
NUTR,28-Apr-2015,19.99,20.05,19.9,19.9,13000
NUVA,28-Apr-2015,43.38,44.67,42.99,44.65,740700
NVAX,28-Apr-2015,8.25,8.44,7.93,8.18,3914700
NVCN,28-Apr-2015,8.27,8.7,8.27,8.6,69700
NVDA,28-Apr-2015,22.16,22.39,21.95,22.31,5862100
NVDQ,28-Apr-2015,12.4,12.64,11.96,12.47,587500
NVEC,28-Apr-2015,69.83,70.88,68.58,69.8,26600
NVEE,28-Apr-2015,19.74,19.74,18.68,18.86,23900
NVET,28-Apr-2015,8.66,8.84,8.61,8.63,17100
NVFY,28-Apr-2015,2.97,2.98,2.77,2.88,63300
NVGN,28-Apr-2015,6.81,6.81,6,6.21,532800
NVIV,28-Apr-2015,11.77,12.75,11.4,12.53,709900
NVMI,28-Apr-2015,11.75,11.75,11.65,11.68,11300
NWBI,28-Apr-2015,12.4,12.5,12.37,12.48,663300
NWBO,28-Apr-2015,8.3,8.37,8.09,8.18,717700
NWBOW,28-Apr-2015,4.45,4.45,4.45,4.45,800
NWFL,28-Apr-2015,29.87,30.25,29.46,29.77,3800
NWLI,28-Apr-2015,241.61,245,240.91,244,4700
NWPX,28-Apr-2015,25,25.23,24.64,24.95,39000
NWS,28-Apr-2015,15.43,15.88,15.4,15.86,1510900
NWSA,28-Apr-2015,15.59,15.99,15.51,15.97,3971800
NXPI,28-Apr-2015,97.04,97.39,93.45,96.22,3285700
NXST,28-Apr-2015,59.15,59.65,58.64,59.17,187800
NXTD,28-Apr-2015,26,26,24,24.5,131400
NXTDW,28-Apr-2015,1.05,1.1,0.95,1,5200
NXTM,28-Apr-2015,19.08,19.11,18.62,18.91,312300
NYMT,28-Apr-2015,7.95,7.98,7.9,7.93,1094600
NYMTP,28-Apr-2015,24.91,24.91,24.82,24.91,7400
NYMX,28-Apr-2015,1.32,1.35,1.2,1.31,575500
NYNY,28-Apr-2015,28.75,29.05,28.45,28.95,49600
OBAS,28-Apr-2015,7.41,7.42,7.41,7.41,1000
OBCI,28-Apr-2015,3.84,4.2,3.77,3.83,62600
OCC,28-Apr-2015,4.18,4.18,4.06,4.06,1100
OCFC,28-Apr-2015,17.31,17.63,17.29,17.51,12400
OCLR,28-Apr-2015,2,2.09,1.98,2.06,750000
OCLS,28-Apr-2015,4.3,4.4,4,4.2,77200
OCLSW,28-Apr-2015,0.22,0.22,0.22,0.22,200
OCRX,28-Apr-2015,3.7,3.85,3.51,3.69,133400
OCUL,28-Apr-2015,24.23,24.63,23.38,24.13,93400
ODFL,28-Apr-2015,74.42,75.27,74.22,74.89,548300
ODP,28-Apr-2015,9.18,9.27,9.16,9.22,5556800
OFED,28-Apr-2015,20.4,20.55,20.4,20.55,300
OFIX,28-Apr-2015,36.04,36.58,35.8,36.24,73300
OFLX,28-Apr-2015,29.78,30.24,29.31,29.52,5400
OFS,28-Apr-2015,12.11,12.2,12.11,12.2,6700
OGXI,28-Apr-2015,2.12,2.19,2.07,2.16,74800
OHAI,28-Apr-2015,5.69,5.69,5.55,5.65,23000
OHGI,28-Apr-2015,1.74,1.97,1.74,1.8,71700
OHRP,28-Apr-2015,2.75,2.94,2.72,2.87,634500
OIIM,28-Apr-2015,2.43,2.45,2.39,2.43,15700
OKSB,28-Apr-2015,17.14,17.59,17.07,17.36,35400
OLBK,28-Apr-2015,16.29,16.46,16.22,16.34,23700
OLED,28-Apr-2015,46.8,46.99,45.07,46,431000
OMAB,28-Apr-2015,40.91,41.72,40.7,41.25,91600
OMCL,28-Apr-2015,35.53,36.18,35.3,36.03,153000
OMED,28-Apr-2015,25.06,25.86,24.61,25.47,152300
OMER,28-Apr-2015,23.14,23.21,21.62,21.96,634200
OMEX,28-Apr-2015,7.8,8.16,7.68,7.8,181000
ON,28-Apr-2015,11.56,11.7,11.47,11.56,3349100
ONB,28-Apr-2015,13.42,13.64,13.24,13.59,928000
ONCE,28-Apr-2015,54.84,56.69,51.47,55.64,247700
ONEQ,28-Apr-2015,198.68,199.3,196.57,198.35,11500
ONTX,28-Apr-2015,22.6,24.6,22.6,24,23200
ONVI,28-Apr-2015,4.55,4.59,4.5,4.51,5700
OPB,28-Apr-2015,31.91,33.38,31.91,32.53,56700
OPHC,28-Apr-2015,12.1,12.1,10.2,11.9,3000
OPHT,28-Apr-2015,48.6,50.13,46.89,49.22,309500
OPOF,28-Apr-2015,15.15,15.19,15.13,15.19,3200
OPTT,28-Apr-2015,5.7,5.9,5.7,5.8,20400
OPXA,28-Apr-2015,0.39,0.41,0.38,0.39,424600
OPXAW,28-Apr-2015,0.09,0.09,0.09,0.09,56500
ORBC,28-Apr-2015,6.18,6.3,6.05,6.28,184300
ORBK,28-Apr-2015,17.91,17.99,17.7,17.88,164100
OREX,28-Apr-2015,70.5,72.5,67.7,70.1,2129400
ORIG,28-Apr-2015,6.86,6.96,6.76,6.83,569900
ORIT,28-Apr-2015,15.49,15.73,15.34,15.72,175300
ORLY,28-Apr-2015,225.2,226.56,223.55,226.26,709500
ORMP,28-Apr-2015,7.3,7.89,7.07,7.18,132700
ORPN,28-Apr-2015,6.13,6.22,5.28,5.83,87600
ORRF,28-Apr-2015,17.34,17.35,17.26,17.35,2800
OSBC,28-Apr-2015,5.8,5.9,5.7,5.75,49300
OSBCP,28-Apr-2015,9.96,9.99,9.96,9.99,200
OSHC,28-Apr-2015,15.31,15.65,15.3,15.55,2800
OSIR,28-Apr-2015,15.97,16.34,15.56,15.99,116600
OSIS,28-Apr-2015,69.29,69.65,67.58,68.68,305600
OSM,28-Apr-2015,24.47,24.63,24.47,24.63,3100
OSN,28-Apr-2015,2.1,2.13,2.07,2.13,29800
OSTK,28-Apr-2015,24,24.48,22.5,22.51,561900
OSUR,28-Apr-2015,6.64,6.71,6.39,6.62,407100
OTEL,28-Apr-2015,4.33,4.33,4.33,4.33,2900
OTEX,28-Apr-2015,56,56,55.19,55.39,554300
OTIC,28-Apr-2015,29.5,29.9,26.88,27.58,203500
OTIV,28-Apr-2015,1.44,1.44,1.38,1.4,182400
OTTR,28-Apr-2015,31.2,31.98,31.2,31.94,43800
OVAS,28-Apr-2015,28.3,28.98,26.21,27.47,899100
OVBC,28-Apr-2015,22.1,22.2,22.1,22.2,1200
OVLY,28-Apr-2015,9.5,9.55,9.5,9.51,4700
OXBR,28-Apr-2015,5.71,5.99,5.54,5.56,17700
OXBRW,28-Apr-2015,0.85,0.85,0.84,0.84,200
OXFD,28-Apr-2015,13.45,13.56,12.53,13.48,33000
OXLC,28-Apr-2015,14.97,15.07,14.94,15.05,31600
OXLCN,28-Apr-2015,25.25,25.3,25.25,25.3,6300
OXLCO,28-Apr-2015,25.05,25.05,25.03,25.05,2100
OZRK,28-Apr-2015,39.14,39.92,38.95,39.81,281700
PAAS,28-Apr-2015,9.56,9.75,9.46,9.7,2074500
PACB,28-Apr-2015,5.62,5.72,5.42,5.59,320100
PACW,28-Apr-2015,45.02,45.4,44.74,45.28,505200
PAGG,28-Apr-2015,29.39,29.39,29.3,29.34,2000
PAHC,28-Apr-2015,32.95,33.41,32.33,32.93,83500
PANL,28-Apr-2015,2.33,2.4,2.33,2.4,500
PARN,28-Apr-2015,4.06,4.08,3.77,3.81,18500
PATI,28-Apr-2015,25.75,25.99,25.75,25.99,6200
PATK,28-Apr-2015,40.5133,41.9533,40.4333,41.6467,75000
PAYX,28-Apr-2015,49.14,49.33,48.78,49.27,1302600
PBCT,28-Apr-2015,15.09,15.33,15.09,15.33,3228600
PBHC,28-Apr-2015,10.07,10.23,10.06,10.23,14200
PBIB,28-Apr-2015,0.99,1.19,0.98,1.14,48600
PBIP,28-Apr-2015,12.97,12.97,12.97,12.97,0
PBMD,28-Apr-2015,0.61,0.61,0.56,0.57,14500
PBPB,28-Apr-2015,15.29,15.45,14.8,15.02,483900
PBSK,28-Apr-2015,15.75,15.75,15.75,15.75,0
PCAR,28-Apr-2015,66.16,66.93,66.01,66.9,1716700
PCBK,28-Apr-2015,12.99,13.09,12.98,12.99,75000
PCH,28-Apr-2015,37.37,38.2,37.26,38.1,207900
PCLN,28-Apr-2015,1250,1253.84,1238.93,1242.12,455300
PCMI,28-Apr-2015,9.5,10.07,9.5,9.72,7600
PCO,28-Apr-2015,1.17,1.17,1.13,1.17,200600
PCOM,28-Apr-2015,11.96,12.16,11.88,11.99,29400
PCRX,28-Apr-2015,83.2,84.07,77.88,82.11,948000
PCTI,28-Apr-2015,7.55,7.63,7.51,7.58,11800
PCTY,28-Apr-2015,30.6,30.6,29.76,29.82,190200
PCYG,28-Apr-2015,11.5,11.94,11.5,11.66,72300
PCYO,28-Apr-2015,5.14,5.17,5.08,5.16,4000
PDBC,28-Apr-2015,20.84,20.84,20.84,20.84,100
PDCE,28-Apr-2015,55.88,56.49,54.64,54.69,843800
PDCO,28-Apr-2015,47.31,47.79,46.99,47.74,621300
PDEX,28-Apr-2015,2.08,2.08,2.06,2.06,1100
PDFS,28-Apr-2015,18.95,19.42,18.76,19.39,64200
PDLI,28-Apr-2015,6.82,6.87,6.7,6.78,3993400
PDVW,28-Apr-2015,49.4,49.86,49,49.41,5600
PEBK,28-Apr-2015,18.53,18.53,18.46,18.5,1100
PEBO,28-Apr-2015,23.66,24.09,23.6,23.79,41000
PEGA,28-Apr-2015,22.14,22.55,22.14,22.46,79900
PEGI,28-Apr-2015,30.1,30.54,29.9,30.29,470100
PEIX,28-Apr-2015,11.8,12.26,11.63,11.97,882200
PENN,28-Apr-2015,16.71,16.9,16.53,16.77,802300
PERF,28-Apr-2015,5.36,5.41,5.34,5.34,5400
PERI,28-Apr-2015,3.76,3.76,3.71,3.73,13900
PERY,28-Apr-2015,24.74,25.27,24.47,24.74,70400
PESI,28-Apr-2015,3.45,3.59,3.45,3.48,11200
PETS,28-Apr-2015,16.95,17.13,16.78,17.09,96600
PETX,28-Apr-2015,14.62,15,13.86,14.54,202900
PFBC,28-Apr-2015,28.79,29.6,28.79,29.15,29100
PFBI,28-Apr-2015,14.88,14.88,14.75,14.86,2800
PFBX,28-Apr-2015,9.27,9.35,9.26,9.35,3100
PFIE,28-Apr-2015,1.64,1.71,1.59,1.62,170500
PFIN,28-Apr-2015,6.4,6.55,6.4,6.5,3300
PFIS,28-Apr-2015,41.08,42.54,41.08,42.02,6800
PFLT,28-Apr-2015,14.22,14.23,14.11,14.15,32900
PFMT,28-Apr-2015,3.11,3.15,3.06,3.1,138100
PFPT,28-Apr-2015,54.04,56.25,53.74,55.84,745000
PFSW,28-Apr-2015,12.95,12.98,12.66,12.8,109500
PGC,28-Apr-2015,20.34,22,20.34,21.99,33800
PGNX,28-Apr-2015,5.75,5.84,5.23,5.38,1358000
PGTI,28-Apr-2015,11.65,11.79,11.58,11.73,174300
PHII,28-Apr-2015,32,32,32,32,0
PHIIK,28-Apr-2015,33.22,34,33,33.23,21400
PHMD,28-Apr-2015,10.9,11.2,10.7,10.9,161500
PICO,28-Apr-2015,18.83,18.97,18.73,18.81,80100
PIH,28-Apr-2015,7.4,7.49,7.38,7.49,14200
PINC,28-Apr-2015,37.7,38.23,37.02,38.06,178700
PKBK,28-Apr-2015,12.5,12.5,12.5,12.5,600
PKOH,28-Apr-2015,50.03,50.75,49.08,49.35,26000
PLAB,28-Apr-2015,8.99,9.13,8.95,9.1,175200
PLAY,28-Apr-2015,33.96,34.21,33.18,33.99,192200
PLBC,28-Apr-2015,9.6,9.6,9.41,9.57,1400
PLCE,28-Apr-2015,61.97,62.5,61.05,61.85,170600
PLKI,28-Apr-2015,58.64,59.24,57.96,58.99,103800
PLPC,28-Apr-2015,42.85,45.45,42.61,45.4,21500
PLPM,28-Apr-2015,1.93,2.03,1.93,2.02,108500
PLUG,28-Apr-2015,2.57,2.62,2.56,2.57,1711500
PLUS,28-Apr-2015,86.25,86.35,85.17,86.08,35000
PLXS,28-Apr-2015,44.04,44.68,43.83,44.35,132900
PMBC,28-Apr-2015,7.21,7.27,7.08,7.22,14000
PMD,28-Apr-2015,16.16,16.71,15.52,16.18,32500
PME,28-Apr-2015,1.92,1.97,1.84,1.88,6400
PNBK,28-Apr-2015,14.82,14.82,14.82,14.82,0
PNFP,28-Apr-2015,46.55,47.3,46.42,47.28,279200
PNNT,28-Apr-2015,9.38,9.4,9.22,9.38,208900
PNQI,28-Apr-2015,75.24,75.24,73.9,74.12,23600
PNRA,28-Apr-2015,184.07,185.99,181.86,185.57,680600
PNRG,28-Apr-2015,51.04,51.04,51.04,51.04,0
PNTR,28-Apr-2015,8.23,8.39,7.96,8.07,17100
PODD,28-Apr-2015,30.66,31.45,29.88,31.37,1167300
POOL,28-Apr-2015,67.31,68.08,67.31,67.45,204900
POPE,28-Apr-2015,63.55,63.55,63.55,63.55,100
POWI,28-Apr-2015,50.43,50.86,49.66,50.72,342400
POWL,28-Apr-2015,34.86,35.49,34.74,35.32,43700
PPBI,28-Apr-2015,15.84,15.89,15.77,15.83,29500
PPC,28-Apr-2015,24.4,24.58,23.82,24.27,1994500
PPHM,28-Apr-2015,1.36,1.37,1.32,1.36,936100
PPHMP,28-Apr-2015,23.03,23.15,23,23.15,3500
PPSI,28-Apr-2015,8.38,8.38,8.38,8.38,100
PRAA,28-Apr-2015,55.82,56.67,55.65,56.43,183100
PRAH,28-Apr-2015,27.36,28.67,27.06,28.53,191500
PRAN,28-Apr-2015,6.9,7.8,6.9,7.44,3071400
PRCP,28-Apr-2015,11.78,12.63,11.22,12.52,171600
PRFT,28-Apr-2015,20.76,20.92,20.67,20.89,135100
PRFZ,28-Apr-2015,105.49,106.05,104.91,105.94,27300
PRGS,28-Apr-2015,26.17,26.61,26.1,26.58,239000
PRGX,28-Apr-2015,3.82,4.12,3.82,4.07,236700
PRIM,28-Apr-2015,19.33,19.57,19.13,19.35,327200
PRKR,28-Apr-2015,7.1,7.4,7,7.2,172000
PRMW,28-Apr-2015,5.1,5.18,5.1,5.16,13800
PROV,28-Apr-2015,16.4,16.49,16,16.02,13800
PRPH,28-Apr-2015,1.22,1.26,1.22,1.23,2800
PRQR,28-Apr-2015,18.77,20,18.47,18.8,61800
PRSC,28-Apr-2015,48.56,49,47,48.35,168400
PRSS,28-Apr-2015,3.89,3.89,3.7,3.8,33900
PRTA,28-Apr-2015,36.53,36.75,34.1,35.05,629000
PRTK,28-Apr-2015,26.75,28.43,26.31,27.63,39500
PRTO,28-Apr-2015,11.97,12.32,11.95,12.14,15400
PRTS,28-Apr-2015,2,2,1.7,1.73,120100
PRXL,28-Apr-2015,70.52,71.12,68.86,69.38,714700
PSAU,28-Apr-2015,17.05,17.6,17.05,17.57,34300
PSCC,28-Apr-2015,54.37,54.4,53.95,53.98,3000
PSCD,28-Apr-2015,53.88,54.14,53.37,53.92,9200
PSCE,28-Apr-2015,30.02,30.08,29.83,30,9400
PSCF,28-Apr-2015,41.58,42.03,41.58,42.01,5000
PSCH,28-Apr-2015,68.92,69.54,67.77,69.38,143000
PSCI,28-Apr-2015,47.38,47.79,47.38,47.65,7600
PSCM,28-Apr-2015,41.77,42.04,41.77,41.94,1400
PSCT,28-Apr-2015,52.66,52.94,52.16,52.91,7600
PSCU,28-Apr-2015,39.31,39.88,39.31,39.82,3200
PSDV,28-Apr-2015,4.07,4.09,3.99,4.07,24200
PSEC,28-Apr-2015,8.4,8.41,8.32,8.35,2626500
PSIX,28-Apr-2015,63.24,64.54,62.4,64.35,36800
PSMT,28-Apr-2015,83.59,84.04,83.09,83.76,459000
PSTB,28-Apr-2015,6.92,7.07,6.92,7.02,44700
PSTI,28-Apr-2015,2.72,2.78,2.71,2.73,117600
PTC,28-Apr-2015,36.65,36.99,36.43,36.74,758300
PTCT,28-Apr-2015,66.41,67.3,62.94,64.52,538400
PTEN,28-Apr-2015,21.14,21.74,21.03,21.66,4133100
PTIE,28-Apr-2015,2.03,2.13,2,2.12,163700
PTLA,28-Apr-2015,37.77,38.43,35.87,36.19,510300
PTNR,28-Apr-2015,2.53,2.56,2.49,2.54,28300
PTSI,28-Apr-2015,59.52,61.14,59.52,59.99,16500
PTX,28-Apr-2015,6.5,6.94,6.15,6.86,2404800
PVTB,28-Apr-2015,36.06,37.12,36.02,37.03,379400
PVTBP,28-Apr-2015,26.8,27,26.8,26.91,3700
PWOD,28-Apr-2015,44.66,45.49,44.66,44.85,2100
PWX,28-Apr-2015,18.33,18.33,18.33,18.33,0
PXLW,28-Apr-2015,4.86,4.96,4.83,4.92,106900
PZZA,28-Apr-2015,63.23,64.69,63.2,64.04,333000
QABA,28-Apr-2015,36.65,37.15,36.58,37.04,7800
QADA,28-Apr-2015,25.02,25.21,24.89,25.06,79200
QADB,28-Apr-2015,21,21,21,21,0
QAT,28-Apr-2015,23.45,23.45,23.19,23.43,1400
QBAK,28-Apr-2015,8.04,8.04,8.04,8.04,0
QCLN,28-Apr-2015,19.24,19.47,19.1,19.42,22100
QCOM,28-Apr-2015,69.05,69.82,69.01,69.65,8272800
QCRH,28-Apr-2015,18.5,18.87,18.25,18.87,10200
QDEL,28-Apr-2015,23.38,23.86,23.3,23.74,469000
QGEN,28-Apr-2015,24.29,24.38,23.78,24.3,762200
QINC,28-Apr-2015,22.08,22.08,22.08,22.08,100
QIWI,28-Apr-2015,26.24,26.97,25.54,26.68,290800
QLTI,28-Apr-2015,3.63,3.7,3.55,3.6,55700
QLYS,28-Apr-2015,52.79,53.41,50.44,52.7,327700
QNST,28-Apr-2015,5.74,5.85,5.71,5.74,103800
QPAC,28-Apr-2015,9.85,9.85,9.8,9.8,750300
QPACU,28-Apr-2015,10.22,10.22,10.22,10.22,0
QPACW,28-Apr-2015,0.39,0.39,0.39,0.39,1100
QQEW,28-Apr-2015,44.96,45.04,44.57,44.96,62800
QQQ,28-Apr-2015,110.34,110.55,109.11,110.04,36849200
QQQC,28-Apr-2015,28.59,28.59,28,28.23,24000
QQQX,28-Apr-2015,19.2,19.25,19.06,19.16,90500
QQXT,28-Apr-2015,42.51,42.6,42.36,42.51,93100
QRHC,28-Apr-2015,10,10.08,9.92,9.92,15500
QRVO,28-Apr-2015,69.97,70.31,65.44,67.86,2044400
QSII,28-Apr-2015,15.86,16.06,15.71,15.98,244000
QTEC,28-Apr-2015,44.41,44.61,44.2,44.5,99900
QTNT,28-Apr-2015,16.31,16.48,13.04,14.2,25900
QUIK,28-Apr-2015,1.97,2.08,1.97,2.04,293200
QUMU,28-Apr-2015,14.45,14.45,14.04,14.04,700
QUNR,28-Apr-2015,49.5,50.05,47.98,48.03,547700
QURE,28-Apr-2015,26,26.19,24.11,25.58,385700
QVCA,28-Apr-2015,29.28,29.43,29.08,29.31,857700
QVCB,28-Apr-2015,29.19,29.19,29.19,29.19,0
QYLD,28-Apr-2015,23.67,23.74,23.67,23.71,3400
RADA,28-Apr-2015,5.08,5.24,5.02,5.08,186300
RAIL,28-Apr-2015,27.48,27.77,26.23,26.7,185300
RAND,28-Apr-2015,3.86,3.86,3.86,3.86,0
RARE,28-Apr-2015,63.99,65.43,58,59.5,499000
RAVE,28-Apr-2015,15.01,15.01,14.31,14.61,77200
RAVN,28-Apr-2015,20.51,21.11,20.51,20.8,176300
RBCAA,28-Apr-2015,24.43,24.71,24.38,24.51,13400
RBCN,28-Apr-2015,3.83,3.97,3.79,3.9,102700
RBPAA,28-Apr-2015,1.78,1.78,1.75,1.75,2800
RCII,28-Apr-2015,29.33,31.23,28.42,30.71,5317100
RCKY,28-Apr-2015,20.15,20.38,19.63,20,119400
RCMT,28-Apr-2015,6.17,6.21,6.1,6.14,10200
RCON,28-Apr-2015,1.89,2.02,1.86,1.89,11400
RDCM,28-Apr-2015,9.45,9.79,8.47,9.59,281500
RDHL,28-Apr-2015,14.95,14.95,14.6,14.63,5100
RDI,28-Apr-2015,13.91,14.17,13.82,14.06,25200
RDIB,28-Apr-2015,14,14,14,14,0
RDNT,28-Apr-2015,8.84,8.96,8.72,8.95,126000
RDUS,28-Apr-2015,37.95,38.05,35.26,36.68,527400
RDVY,28-Apr-2015,22.42,22.6,22.42,22.6,5400
RDWR,28-Apr-2015,23.48,23.86,23.31,23.66,271800
RECN,28-Apr-2015,16.09,16.3,15.98,16.27,126200
REFR,28-Apr-2015,5.91,5.93,5.8,5.85,52000
REGI,28-Apr-2015,9.34,9.38,9.29,9.3,121700
REGN,28-Apr-2015,474.53,477.55,459,466.34,910600
REIS,28-Apr-2015,24.79,25.81,24.13,25.81,27200
RELL,28-Apr-2015,8.88,8.9,8.81,8.9,9400
RELV,28-Apr-2015,8.68,8.68,7.77,8.19,8600
RELY,28-Apr-2015,7.38,7.42,7.25,7.31,64900
REPH,28-Apr-2015,10.68,10.91,10,10.27,77400
RESN,28-Apr-2015,3.9,4.1,3.86,4.06,69000
REXX,28-Apr-2015,4.64,4.76,4.57,4.74,1295600
RFIL,28-Apr-2015,4.1,4.25,4.1,4.13,12900
RGCO,28-Apr-2015,22.52,22.52,21.3,21.58,1000
RGEN,28-Apr-2015,32.7,33.1,31.5,31.87,437200
RGLD,28-Apr-2015,62.19,64.94,61.85,64.78,885100
RGLS,28-Apr-2015,14.55,14.76,13.5,13.72,1065200
RGSE,28-Apr-2015,76,80,76,76,456600
RIBT,28-Apr-2015,4.01,4.01,3.8,3.85,10400
RIBTW,28-Apr-2015,1.29,1.29,1.29,1.29,0
RICK,28-Apr-2015,11.4,11.51,11.32,11.49,14000
RIGL,28-Apr-2015,4.74,4.88,4.52,4.65,1276400
RLJE,28-Apr-2015,2.91,2.97,2.76,2.82,8200
RLOG,28-Apr-2015,3.36,3.42,3.32,3.38,6700
RMBS,28-Apr-2015,14.09,14.25,13.83,14.22,877100
RMCF,28-Apr-2015,12.96,13.08,12.96,12.97,13500
RMGN,28-Apr-2015,1.47,1.55,1.45,1.49,68100
RMTI,28-Apr-2015,10.12,10.25,9.84,10.15,394600
RNET,28-Apr-2015,38,38,36.5,36.84,106200
RNST,28-Apr-2015,30.4,30.67,30.19,30.64,81400
RNWK,28-Apr-2015,6.91,6.93,6.83,6.89,26900
ROBO,28-Apr-2015,27.18,27.23,27.02,27.2,20600
ROCK,28-Apr-2015,17.09,17.45,17.02,17.2,35900
ROIA,28-Apr-2015,3.84,3.85,3.84,3.85,600
ROIAK,28-Apr-2015,3.71,3.88,3.65,3.87,65700
ROIC,28-Apr-2015,17.72,17.81,17.59,17.76,390500
ROKA,28-Apr-2015,29.8,30.7,29.8,30.2,14200
ROLL,28-Apr-2015,75.32,76.42,75.08,76.01,65000
ROSG,28-Apr-2015,3.42,3.53,3.26,3.42,333600
ROST,28-Apr-2015,51.085,51.52,50.63,50.915,1190600
RP,28-Apr-2015,20.01,20.41,19.74,20.28,95000
RPRX,28-Apr-2015,8.22,8.32,7.84,8.05,471600
RPTP,28-Apr-2015,10.82,11.04,10.34,10.77,1333900
RPXC,28-Apr-2015,15.18,15.29,14.95,15.1,238300
RRGB,28-Apr-2015,82.05,83.42,81.01,82.72,88600
RSTI,28-Apr-2015,24.63,25.08,24.38,25,54300
RSYS,28-Apr-2015,2.17,2.33,2.12,2.17,457600
RTIX,28-Apr-2015,5.84,5.93,5.74,5.87,418800
RTK,28-Apr-2015,1.23,1.24,1.17,1.22,543900
RTRX,28-Apr-2015,23.66,24.29,21.25,22.31,765900
RUSHA,28-Apr-2015,26.93,27.08,26.59,27.06,131500
RUSHB,28-Apr-2015,24.5,25.16,24.5,25.16,3900
RUTH,28-Apr-2015,15.24,15.37,14.93,15.3,108700
RVLT,28-Apr-2015,11.7,11.8,11.3,11.5,248400
RVNC,28-Apr-2015,20.83,20.94,19.88,20.37,117200
RVSB,28-Apr-2015,4.32,4.34,4.27,4.29,7300
RWLK,28-Apr-2015,11.85,12.27,11.7,11.78,191300
RXDX,28-Apr-2015,8.76,9.1,8.35,8.72,147200
RXII,28-Apr-2015,6.2,6.5,6.2,6.3,729500
RYAAY,28-Apr-2015,66.05,67.03,65,66.6,254000
SAAS,28-Apr-2015,10.47,10.72,10.21,10.69,380400
SABR,28-Apr-2015,25.3,25.36,25.13,25.3,212400
SAEX,28-Apr-2015,440.1,440.1,434.7,436.05,1200
SAFM,28-Apr-2015,77.5,77.79,76.2,76.35,574600
SAFT,28-Apr-2015,58.72,59.62,58.56,59.12,34300
SAGE,28-Apr-2015,54.92,55.24,51.11,53.99,230900
SAIA,28-Apr-2015,42.68,43.46,42.27,43.07,408700
SAJA,28-Apr-2015,5.83,5.9,5.83,5.85,1900
SAL,28-Apr-2015,30.66,30.7,29.61,29.63,2900
SALE,28-Apr-2015,18.81,19.37,18.63,19.34,399300
SALM,28-Apr-2015,5.19,5.39,5.19,5.37,49000
SAMG,28-Apr-2015,15.27,16.09,15.25,15.91,18000
SANM,28-Apr-2015,20.9,21.12,20.44,21.07,762000
SANW,28-Apr-2015,4.42,4.5,4.39,4.47,29400
SASR,28-Apr-2015,26.43,27.01,26.43,26.92,34300
SATS,28-Apr-2015,50.85,52.01,50.66,51.56,189300
SAVE,28-Apr-2015,77.59,78.29,76.18,77.88,1530700
SBAC,28-Apr-2015,119,119,117.81,118.04,831900
SBBX,28-Apr-2015,11.45,11.45,11.45,11.45,200
SBCF,28-Apr-2015,14.23,14.44,14.13,14.32,60900
SBCP,28-Apr-2015,12.56,12.56,12.56,12.56,0
SBFG,28-Apr-2015,10.8,10.99,10.8,10.9,1400
SBFGP,28-Apr-2015,11.45,11.45,11.45,11.45,100
SBGI,28-Apr-2015,31.34,31.35,30.65,31.3,432100
SBLK,28-Apr-2015,19.1,19.8,18.85,19.65,249500
SBLKL,28-Apr-2015,23.88,23.88,23.55,23.55,2500
SBNY,28-Apr-2015,131,133.13,130.84,133.03,408000
SBRA,28-Apr-2015,31.17,31.82,30.98,31.61,273800
SBRAP,28-Apr-2015,27.01,27.32,26.85,26.89,152600
SBSA,28-Apr-2015,5.5,5.89,5.49,5.56,14700
SBSI,28-Apr-2015,27.63,28.24,27.63,27.99,44900
SBUX,28-Apr-2015,50.6,50.8,49.98,50.61,8882900
SCAI,28-Apr-2015,38.74,39.16,37.75,38.87,166200
SCHL,28-Apr-2015,39.92,40.28,39.2,40.22,597700
SCHN,28-Apr-2015,16.84,17.34,16.74,17.21,382500
SCLN,28-Apr-2015,8.73,8.89,8.6,8.8,287200
SCMP,28-Apr-2015,19.49,19.6,18,18.69,739300
SCON,28-Apr-2015,17.7,17.85,17.55,17.55,33400
SCOR,28-Apr-2015,53.82,53.86,52.9,53.13,184900
SCSC,28-Apr-2015,40.87,41.76,40.74,41.44,71900
SCSS,28-Apr-2015,32.89,33.16,32.47,32.99,877300
SCTY,28-Apr-2015,60.11,61.9,59.76,61.22,2854800
SCVL,28-Apr-2015,27.65,27.83,27.41,27.57,69100
SCYX,28-Apr-2015,9.56,9.8,9.38,9.56,86800
SEAC,28-Apr-2015,7.02,7.08,6.9,7,118400
SEDG,28-Apr-2015,25.6,27.31,25.29,26.6,395500
SEED,28-Apr-2015,1.62,1.79,1.59,1.64,101800
SEIC,28-Apr-2015,45.89,46.48,45.69,46.47,753400
SEMI,28-Apr-2015,22.41,23.86,22.36,23.75,65700
SENEA,28-Apr-2015,29.21,29.35,28.93,29.02,9100
SENEB,28-Apr-2015,34.93,34.93,34.93,34.93,200
SEV,28-Apr-2015,7.33,7.33,7.33,7.33,0
SFBC,28-Apr-2015,19.51,19.87,19.5,19.87,4800
SFBS,28-Apr-2015,35.3,35.35,35.16,35.33,25300
SFLY,28-Apr-2015,44.59,45.18,44.42,44.92,376200
SFM,28-Apr-2015,33.66,33.99,33.15,33.89,1491500
SFNC,28-Apr-2015,44.04,44.25,43.8,44.16,111400
SFST,28-Apr-2015,17.96,18,17.83,18,1400
SGBK,28-Apr-2015,29.3,30.12,29.25,29.75,62200
SGC,28-Apr-2015,18.58,18.58,17.56,18.37,53200
SGEN,28-Apr-2015,35.42,35.77,34.05,34.78,1515600
SGI,28-Apr-2015,9.4,9.59,9.29,9.57,107100
SGMA,28-Apr-2015,7.94,7.99,7.8,7.96,5400
SGMO,28-Apr-2015,13.36,13.75,12.68,13,835300
SGMS,28-Apr-2015,12.79,13.29,12.77,13.22,1281500
SGNL,28-Apr-2015,29.85,29.85,28.35,29.25,111600
SGOC,28-Apr-2015,2.16,2.32,2.12,2.12,26100
SGRP,28-Apr-2015,1.42,1.42,1.33,1.36,600
SGYP,28-Apr-2015,3.74,3.8,3.6,3.66,1274700
SGYPW,28-Apr-2015,0.95,0.98,0.95,0.95,1100
SHBI,28-Apr-2015,9.19,9.24,9.11,9.16,5300
SHEN,28-Apr-2015,17.62,18.785,17.62,18.4,99700
SHIP,28-Apr-2015,3.65,3.65,3.5,3.55,1600
SHLD,28-Apr-2015,39.34,39.95,38.97,39.42,553000
SHLDW,28-Apr-2015,24.1,24.1,22.59,23.31,3100
SHLM,28-Apr-2015,43,43.94,41.72,41.86,770700
SHLO,28-Apr-2015,12.15,12.52,12.15,12.44,29300
SHOO,28-Apr-2015,40.24,40.34,39.54,39.83,550100
SHOR,28-Apr-2015,7.11,7.2,7.01,7.2,368300
SHOS,28-Apr-2015,7.04,7.15,7.02,7.11,59600
SHPG,28-Apr-2015,251.43,252.44,244.47,247.65,818300
SIEB,28-Apr-2015,1.85,1.9,1.79,1.82,19600
SIEN,28-Apr-2015,16.86,18.06,16.63,17.7,22100
SIFI,28-Apr-2015,11.8,11.8,11.69,11.74,4000
SIFY,28-Apr-2015,1.5,1.55,1.47,1.52,70900
SIGI,28-Apr-2015,28.24,28.34,27.9,28,272300
SIGM,28-Apr-2015,8.1,8.22,8.05,8.12,271400
SILC,28-Apr-2015,37.08,37.93,37.08,37.2,52800
SIMO,28-Apr-2015,30.77,31.2,29.75,29.92,1273200
SINA,28-Apr-2015,40,40.89,38.9,40.22,2061100
SINO,28-Apr-2015,1.59,1.59,1.5,1.58,17900
SIRI,28-Apr-2015,3.9,3.95,3.85,3.94,54792300
SIVB,28-Apr-2015,127.32,131.35,127.23,130.79,373200
SIVBO,28-Apr-2015,25.67,25.7,25.64,25.7,1800
SKIS,28-Apr-2015,6.56,6.73,6.56,6.66,31600
SKOR,28-Apr-2015,51.19,51.19,51.19,51.19,100
SKYS,28-Apr-2015,10.06,10.74,10.06,10.56,5300
SKYW,28-Apr-2015,13.84,14.16,13.67,14.14,701500
SKYY,28-Apr-2015,30.78,30.92,30.63,30.84,75500
SLAB,28-Apr-2015,51.86,53.37,51.04,53.31,532500
SLCT,28-Apr-2015,7.2,7.98,7.03,7.21,92500
SLGN,28-Apr-2015,56.51,57.04,56.21,56.95,165900
SLM,28-Apr-2015,10.2,10.35,10.08,10.33,3162100
SLMAP,28-Apr-2015,49.23,49.24,49.05,49.16,700
SLMBP,28-Apr-2015,61.59,62.01,61.05,61.05,2200
SLP,28-Apr-2015,5.82,5.92,5.82,5.82,8300
SLRC,28-Apr-2015,20.05,20.17,19.95,20.12,151500
SLVO,28-Apr-2015,11.33,11.52,11.33,11.47,31200
SMBC,28-Apr-2015,19,19.34,18.96,19.2,3800
SMCI,28-Apr-2015,30.66,30.75,29.56,29.68,954500
SMCP,28-Apr-2015,25.59,25.61,25.05,25.35,15000
SMED,28-Apr-2015,6.6,6.61,6.31,6.4,44700
SMIT,28-Apr-2015,2.69,2.72,2.69,2.72,300
SMMF,28-Apr-2015,12.31,12.76,11.86,12.08,6700
SMMT,28-Apr-2015,10.39,10.5,10.11,10.29,5300
SMRT,28-Apr-2015,12.21,12.3,12.08,12.24,104200
SMSI,28-Apr-2015,6.16,6.16,5.8,6.16,164700
SMTC,28-Apr-2015,23.37,23.76,22.76,23.51,340200
SMTX,28-Apr-2015,1.4,1.43,1.4,1.4,27200
SNAK,28-Apr-2015,9.21,9.99,9.21,9.76,571800
SNBC,28-Apr-2015,19.59,19.7,19.58,19.6,12400
SNC,28-Apr-2015,9.95,10.03,9.74,9.91,46000
SNCR,28-Apr-2015,48.3,49.52,48.02,49.12,680900
SNFCA,28-Apr-2015,5.51,5.94,5.51,5.88,27900
SNHY,28-Apr-2015,41.11,41.62,40.33,41.51,54900
SNMX,28-Apr-2015,5.55,5.64,5.44,5.53,226000
SNPS,28-Apr-2015,47.26,47.92,47.03,47.61,524500
SNSS,28-Apr-2015,15.42,15.6,14.4,15,1121600
SOCL,28-Apr-2015,21.02,21.02,20.34,20.65,168100
SODA,28-Apr-2015,19.93,20.14,19.7,20.06,172200
SOFO,28-Apr-2015,9.81,10,9.67,9.75,10600
SOHO,28-Apr-2015,8.29,8.3,8.21,8.24,20100
SOHOM,28-Apr-2015,26,26.32,26,26.32,2400
SOHU,28-Apr-2015,67.64,68.94,64.01,67.97,815300
SONA,28-Apr-2015,11.65,11.65,11.35,11.46,23400
SONC,28-Apr-2015,30.2,30.59,29.7,30.37,886500
SONS,28-Apr-2015,7.94,8.08,7.85,7.97,1721100
SORL,28-Apr-2015,3.72,3.79,3.56,3.72,134700
SOXX,28-Apr-2015,94.2,94.34,92.83,94.14,400800
SP,28-Apr-2015,23.18,23.5,23.14,23.33,53400
SPAN,28-Apr-2015,19.71,19.71,19.37,19.37,11700
SPAR,28-Apr-2015,5.02,5.06,4.95,4.99,145500
SPCB,28-Apr-2015,11.2,11.25,10.99,11.14,100600
SPEX,28-Apr-2015,13.87,14.44,13.87,14.25,63900
SPHS,28-Apr-2015,0.8,0.8,0.75,0.76,104400
SPIL,28-Apr-2015,8.3,8.36,8.18,8.22,1344800
SPKE,28-Apr-2015,12.64,12.64,12,12.15,20900
SPLK,28-Apr-2015,67.15,67.62,64.89,66.63,1372500
SPLS,28-Apr-2015,16.05,16.13,15.87,16.01,3869700
SPNC,28-Apr-2015,26,26.39,25.08,26.11,1566600
SPNS,28-Apr-2015,8.64,8.72,8.61,8.68,28800
SPOK,28-Apr-2015,20.7,21.02,20.68,20.92,71700
SPPI,28-Apr-2015,5.95,6.09,5.78,5.9,874700
SPRT,28-Apr-2015,1.7,1.74,1.69,1.73,165300
SPSC,28-Apr-2015,68.62,69.8,68.46,69.15,125700
SPTN,28-Apr-2015,31.64,32.39,31.5,32.13,98500
SPU,28-Apr-2015,1.5,1.51,1.41,1.46,95400
SPWH,28-Apr-2015,9.55,9.73,9.48,9.71,96700
SPWR,28-Apr-2015,33.5,33.94,33.15,33.8,1173500
SQBG,28-Apr-2015,13.04,13.26,12.85,12.93,68400
SQQQ,28-Apr-2015,23.32,24.09,23.19,23.51,5946800
SRCE,28-Apr-2015,32.19,32.74,32.04,32.54,33700
SRCL,28-Apr-2015,134.31,135.96,134.31,135.29,587000
SRDX,28-Apr-2015,25.98,26.62,25.74,26.45,36700
SRET,28-Apr-2015,15.66,15.66,15.62,15.62,2500
SREV,28-Apr-2015,3.56,3.84,3.55,3.69,1521100
SRNE,28-Apr-2015,9.31,9.41,8.15,8.95,603500
SRPT,28-Apr-2015,13.22,13.49,12.61,13.06,1020800
SRSC,28-Apr-2015,7.86,7.99,7.84,7.86,11200
SSB,28-Apr-2015,68.36,69.98,67.97,69.61,65400
SSBI,28-Apr-2015,13.72,13.9,13.36,13.54,11600
SSFN,28-Apr-2015,5.62,5.75,5.55,5.73,3300
SSH,28-Apr-2015,4.33,4.52,4.33,4.51,95700
SSNC,28-Apr-2015,57.62,60.26,55.67,60.01,1202700
SSRI,28-Apr-2015,5.55,5.85,5.55,5.74,1740900
SSYS,28-Apr-2015,49.02,51.66,48.39,51.3,1833200
STAA,28-Apr-2015,9.36,9.43,9.2,9.41,182600
STB,28-Apr-2015,5.73,5.73,5.68,5.69,49000
STBA,28-Apr-2015,27.64,28.24,27.59,28.21,93000
STBZ,28-Apr-2015,20.98,21.07,20.82,21.07,149800
STDY,28-Apr-2015,9.55,10.02,9.55,9.88,137500
STEM,28-Apr-2015,7.44,7.56,7.08,7.44,3992500
STFC,28-Apr-2015,24.88,24.88,23.42,23.86,28500
STKL,28-Apr-2015,10.35,10.65,10.3,10.65,234000
STLD,28-Apr-2015,21.88,22.39,21.66,22.23,4331400
STLY,28-Apr-2015,3.02,3.02,2.88,2.92,49300
STML,28-Apr-2015,15.43,15.81,14.5,15.16,158000
STMP,28-Apr-2015,65.8,66.11,65.02,65.21,93200
STPP,28-Apr-2015,34.42,34.42,34.42,34.42,0
STRA,28-Apr-2015,52.54,53.18,52.4,52.91,60900
STRL,28-Apr-2015,4.45,4.55,4.39,4.45,182300
STRM,28-Apr-2015,2.25,2.29,2.21,2.27,74900
STRS,28-Apr-2015,13.96,14,13.96,13.96,6600
STRT,28-Apr-2015,83.51,83.51,79.7,80.48,21200
STRZA,28-Apr-2015,38.37,38.69,37.8,38.54,1017600
STRZB,28-Apr-2015,38.06,38.06,38.06,38.06,0
STX,28-Apr-2015,58.03,59.07,57.52,59,3685800
SUMR,28-Apr-2015,3.04,3.12,3.04,3.1,17400
SUNS,28-Apr-2015,16.26,16.26,16.11,16.17,31300
SUPN,28-Apr-2015,13.08,13.35,12.57,13.24,475300
SVA,28-Apr-2015,4.95,5.01,4.88,4.93,67000
SVBI,28-Apr-2015,4.68,4.68,4.67,4.67,600
SVVC,28-Apr-2015,15.19,15.3,15.08,15.19,18900
SWHC,28-Apr-2015,14.96,15.03,14.86,14.96,727300
SWIR,28-Apr-2015,36.91,37.16,36.18,36.74,278700
SWKS,28-Apr-2015,95.33,95.49,90.68,94.54,4526100
SYBT,28-Apr-2015,23.8133,24.06,23.8133,23.9267,49500
SYKE,28-Apr-2015,25.39,25.8,25.38,25.8,133200
SYMC,28-Apr-2015,24.76,24.99,24.68,24.95,3648900
SYMX,28-Apr-2015,1.8,1.8,1.49,1.54,4483900
SYNA,28-Apr-2015,85.05,87.28,84.67,86.57,710900
SYNC,28-Apr-2015,2.4,2.45,2.37,2.42,91500
SYNL,28-Apr-2015,14.74,14.74,14.58,14.72,6200
SYNT,28-Apr-2015,46.1,46.53,45.56,45.73,397700
SYPR,28-Apr-2015,1.54,1.58,1.53,1.53,6000
SYRX,28-Apr-2015,2.21,2.32,2.16,2.2,244200
SYUT,28-Apr-2015,7.44,7.92,7.37,7.9,154100
TACO,28-Apr-2015,14.6,14.84,14.24,14.5,92000
TACOW,28-Apr-2015,5.6,5.77,5.46,5.64,153300
TACT,28-Apr-2015,5.2,5.21,5.1,5.2,4000
TAIT,28-Apr-2015,1,1.02,1,1.01,13900
TANH,28-Apr-2015,12.64,13.13,12.2,13,100000
TAPR,28-Apr-2015,30.38,31.15,30.38,31.15,500
TASR,28-Apr-2015,28.85,29.35,28.05,28.89,3162800
TAST,28-Apr-2015,9.4,10.05,9.27,9.64,865900
TATT,28-Apr-2015,6.65,6.7,6.65,6.7,300
TAX,28-Apr-2015,29.05,29.33,28.57,28.66,33400
TAYD,28-Apr-2015,12.63,12.63,12.63,12.63,0
TBBK,28-Apr-2015,9.55,9.77,9.45,9.73,94300
TBIO,28-Apr-2015,1.58,1.61,1.45,1.54,125900
TBK,28-Apr-2015,13.24,13.37,13.15,13.31,72700
TBNK,28-Apr-2015,23.48,23.5,23.33,23.36,8000
TBPH,28-Apr-2015,17.31,17.63,16.18,17.34,163700
TCBI,28-Apr-2015,51.3,51.95,51.07,51.87,339000
TCBIL,28-Apr-2015,24.95,24.98,24.91,24.98,7900
TCBIP,28-Apr-2015,25.19,25.35,25.13,25.15,22100
TCBK,28-Apr-2015,23.74,24.16,23.66,23.89,32300
TCCO,28-Apr-2015,4.05,4.16,4.05,4.16,600
TCFC,28-Apr-2015,20.5,20.5,20.5,20.5,0
TCON,28-Apr-2015,11.74,11.86,11,11.41,141100
TCPC,28-Apr-2015,16.02,16.21,15.9,16.16,154200
TCRD,28-Apr-2015,12.23,12.29,12.12,12.28,119800
TCX,28-Apr-2015,17.75,17.79,17.5,17.73,28300
TDIV,28-Apr-2015,28.19,28.43,28.04,28.42,88500
TEAR,28-Apr-2015,2.43,2.54,2.43,2.51,98900
TECD,28-Apr-2015,57.99,58.27,57.53,57.7,380500
TECH,28-Apr-2015,98.76,99.57,96.09,98.7,175700
TEDU,28-Apr-2015,12.75,12.77,12.35,12.58,299700
TENX,28-Apr-2015,3.47,3.49,3.44,3.49,5300
TERP,28-Apr-2015,40.72,41.17,39.83,40.82,509600
TESO,28-Apr-2015,12.67,12.9,12.53,12.84,210200
TESS,28-Apr-2015,26.43,26.5,26.15,26.31,12300
TFSL,28-Apr-2015,14.61,14.8,14.61,14.78,171200
TGA,28-Apr-2015,4.4,4.43,4.24,4.37,278400
TGEN,28-Apr-2015,4.77,4.85,4.56,4.66,10700
TGLS,28-Apr-2015,11.49,11.83,11.49,11.53,7200
TGTX,28-Apr-2015,15.5,15.82,13.8,14.94,771700
THFF,28-Apr-2015,35.11,35.2,34.9,35.2,13800
THLD,28-Apr-2015,3.96,4.03,3.74,3.91,581300
THRM,28-Apr-2015,51.88,52.01,50.94,51.27,556400
THST,28-Apr-2015,2.53,2.64,2.51,2.53,6600
TICC,28-Apr-2015,6.83,6.86,6.75,6.8,223400
TILE,28-Apr-2015,19.98,20.31,19.87,20.31,241900
TINY,28-Apr-2015,3.14,3.14,3.08,3.1,35100
TIPT,28-Apr-2015,6.93,7,6.72,6.8,44200
TISA,28-Apr-2015,3.26,3.34,3.25,3.27,15100
TITN,28-Apr-2015,14.39,14.83,14.35,14.72,85000
TIVO,28-Apr-2015,11.31,11.4,11.18,11.31,1080700
TKAI,28-Apr-2015,10.79,10.9,10.33,10.64,58700
TLF,28-Apr-2015,8.55,8.55,8.55,8.55,1900
TLOG,28-Apr-2015,4.34,4.34,4.04,4.05,82800
TLT,28-Apr-2015,128.17,128.74,127.26,127.29,7464300
TNAV,28-Apr-2015,9.02,9.24,8.88,9.08,149900
TNDM,28-Apr-2015,13.25,13.89,13.06,13.82,200300
TNGO,28-Apr-2015,14.25,14.56,14.25,14.29,176400
TNXP,28-Apr-2015,6.2,6.41,6.05,6.32,46300
TOPS,28-Apr-2015,11.2,11.2,10.9,10.9,2000
TORM,28-Apr-2015,6.45,6.45,6.45,6.45,0
TOUR,28-Apr-2015,16.91,17.25,16.14,16.73,337000
TOWN,28-Apr-2015,16.36,16.68,16.29,16.66,114200
TQQQ,28-Apr-2015,116.82,117.5,112.95,115.85,3578100
TRCB,28-Apr-2015,9,9.1,9,9.05,12600
TRCH,28-Apr-2015,0.31,0.37,0.31,0.36,64400
TREE,28-Apr-2015,60.84,61.78,60.75,61.75,211000
TRIB,28-Apr-2015,16.75,17.08,16.67,16.93,68500
TRIL,28-Apr-2015,22.2,22.96,20.5,21.43,243000
TRIP,28-Apr-2015,81.55,82.38,80.96,81.56,1637600
TRMB,28-Apr-2015,25.8,25.8,24.93,25.11,1409200
TRMK,28-Apr-2015,23.59,24,23.5,23.98,325700
TRNS,28-Apr-2015,10.02,10.1,10.01,10.1,2400
TROV,28-Apr-2015,8.1,8.38,7.22,8.07,507800
TROVW,28-Apr-2015,4.9,4.9,4.9,4.9,0
TROW,28-Apr-2015,82.09,82.79,81.69,82.78,1150500
TRS,28-Apr-2015,32,32,30.36,30.53,402200
TRST,28-Apr-2015,6.63,6.9,6.63,6.9,329900
TRTL,28-Apr-2015,9.85,9.85,9.85,9.85,0
TRTLU,28-Apr-2015,10.3,10.3,10.3,10.3,0
TRTLW,28-Apr-2015,0.36,0.36,0.36,0.36,0
TRUE,28-Apr-2015,16.26,16.31,15.45,15.63,1194700
TRVN,28-Apr-2015,6.2,6.52,6.08,6.33,199500
TSBK,28-Apr-2015,10.41,10.41,10.41,10.41,0
TSC,28-Apr-2015,12.07,12.79,12.05,12.71,168800
TSCO,28-Apr-2015,90.43,90.43,89.01,89.6,1061100
TSEM,28-Apr-2015,16.25,16.39,15.35,15.52,1501400
TSLA,28-Apr-2015,234.75,235.5,228.03,230.48,6085300
TSRA,28-Apr-2015,38.22,38.54,37.28,37.51,693000
TSRI,28-Apr-2015,4.1,4.1,4.05,4.05,3200
TSRO,28-Apr-2015,61.63,63.63,59.25,61.62,836500
TST,28-Apr-2015,1.81,1.81,1.78,1.8,22600
TTEC,28-Apr-2015,26.15,26.45,26.04,26.4,54100
TTEK,28-Apr-2015,25.06,25.14,24.87,25,473700
TTGT,28-Apr-2015,11.18,11.18,10.72,11.06,59500
TTMI,28-Apr-2015,9.29,9.5,9.28,9.46,445400
TTOO,28-Apr-2015,16.51,16.55,15.8,16.16,47300
TTPH,28-Apr-2015,38.36,39.13,36.58,38,483100
TTS,28-Apr-2015,13.87,14.14,13.68,13.88,500000
TTWO,28-Apr-2015,24.95,25.08,24.52,24.64,1138500
TUBE,28-Apr-2015,15.55,15.6,15.01,15.4,314300
TUES,28-Apr-2015,16.27,16.74,15.89,16,526900
TUSA,28-Apr-2015,26.77,26.77,26.77,26.77,400
TUTT,28-Apr-2015,24.45,24.52,24.39,24.51,51400
TVIX,28-Apr-2015,1.2,1.27,1.12,1.12,25682700
TVIZ,28-Apr-2015,17.14,17.14,17.14,17.14,500
TWER,28-Apr-2015,41.4,41.6,40.2,40.8,73800
TWIN,28-Apr-2015,17.77,19.67,17.77,19.4,34700
TWMC,28-Apr-2015,3.9,3.95,3.8,3.8,5400
TWOU,28-Apr-2015,26.94,27.2,26.35,26.69,165300
TXN,28-Apr-2015,55.35,55.52,54.64,55.09,6730200
TXRH,28-Apr-2015,36.11,36.6,35.66,36.38,519800
TYPE,28-Apr-2015,33.46,33.97,33.23,33.74,105300
TZOO,28-Apr-2015,14.13,14.29,13.62,13.68,323900
UAE,28-Apr-2015,20.99,21.31,20.94,21.16,22000
UBCP,28-Apr-2015,7.81,7.9,7.81,7.86,9200
UBFO,28-Apr-2015,5.08,5.14,5.08,5.14,500
UBNK,28-Apr-2015,13.09,13.2,13,13.09,159400
UBNT,28-Apr-2015,30.01,30.39,29.56,29.87,820600
UBOH,28-Apr-2015,15.05,15.05,15,15,400
UBSH,28-Apr-2015,21.98,22.23,21.72,22.16,78100
UBSI,28-Apr-2015,37.27,38.67,37.14,38.41,426200
UCBA,28-Apr-2015,12.6,12.6,12.6,12.6,0
UCBI,28-Apr-2015,18.78,19.1,18.78,19.04,206500
UCFC,28-Apr-2015,5.54,5.55,5.49,5.51,386500
UCTT,28-Apr-2015,6.15,6.19,5.99,6.07,313700
UEIC,28-Apr-2015,56,57.58,56,57.2,70600
UEPS,28-Apr-2015,13.08,13.24,12.81,13.2,114800
UFCS,28-Apr-2015,31.17,31.75,31.17,31.68,32100
UFPI,28-Apr-2015,56.79,58.09,56.49,58.05,123900
UFPT,28-Apr-2015,21.04,21.33,21.01,21.12,69600
UG,28-Apr-2015,18.7,19.18,18.29,18.42,9400
UGLD,28-Apr-2015,11.44,11.77,11.44,11.71,157100
UHAL,28-Apr-2015,327.61,328.01,325.35,325.51,8000
UIHC,28-Apr-2015,19.58,20.31,19.58,20.28,167100
ULBI,28-Apr-2015,3.8,3.92,3.8,3.85,7900
ULTA,28-Apr-2015,155.5,156.96,154.25,154.47,759100
ULTI,28-Apr-2015,181.84,182.12,177.04,178.88,326200
UMBF,28-Apr-2015,52.78,52.91,49.44,50.41,344400
UMPQ,28-Apr-2015,17.13,17.38,16.95,17.34,1327900
UNAM,28-Apr-2015,10.8,10.8,10.8,10.8,0
UNB,28-Apr-2015,27.5,27.5,27.1,27.1,600
UNFI,28-Apr-2015,67.83,69.57,67.73,69.24,604100
UNIS,28-Apr-2015,34.8,36.4,34.3,35.6,662300
UNTY,28-Apr-2015,9.54,9.55,9.44,9.55,1600
UNXL,28-Apr-2015,3.74,4.22,3.57,3.72,3001300
UPLD,28-Apr-2015,6.39,6.58,6.34,6.4,28700
URBN,28-Apr-2015,41.48,41.74,41.1,41.17,1325800
URRE,28-Apr-2015,16.92,18.36,16.8,17.64,900900
USAK,28-Apr-2015,26.67,27.37,26.05,26.72,48400
USAP,28-Apr-2015,23.72,23.76,23.25,23.34,39500
USAT,28-Apr-2015,2.85,3.07,2.84,3.04,1053400
USATP,28-Apr-2015,18.4,18.4,18.4,18.4,0
USCR,28-Apr-2015,36.55,37.04,36.4,36.93,103900
USEG,28-Apr-2015,7.56,7.62,7.26,7.5,82700
USLM,28-Apr-2015,67.11,67.65,66.66,67.64,2400
USLV,28-Apr-2015,19.59,20.39,19.44,20.13,597600
UTEK,28-Apr-2015,19.68,19.75,19.34,19.54,349200
UTHR,28-Apr-2015,168,174.75,159.37,163.31,2353100
UTMD,28-Apr-2015,57.93,57.93,56.48,57.5,2300
UTSI,28-Apr-2015,2.54,2.63,2.54,2.63,44100
UVSP,28-Apr-2015,20.02,20.5,19.89,20.47,66800
VA,28-Apr-2015,30.34,30.41,29.3,30.21,1249700
VALU,28-Apr-2015,14.57,14.91,14.55,14.9,2800
VALX,28-Apr-2015,26.61,26.61,26.52,26.52,2900
VASC,28-Apr-2015,33.95,34.07,32.79,33.83,102500
VBFC,28-Apr-2015,19.6,19.75,19.6,19.75,500
VBIV,28-Apr-2015,2.54,2.65,2.54,2.55,500
VBLT,28-Apr-2015,4.1,4.1,3.85,3.91,130700
VBND,28-Apr-2015,50.86,50.86,50.66,50.74,10800
VBTX,28-Apr-2015,14.48,14.48,14.35,14.35,900
VCEL,28-Apr-2015,3.41,3.59,3.35,3.53,113600
VCIT,28-Apr-2015,87.83,88.05,87.75,87.86,640600
VCLT,28-Apr-2015,93.09,93.28,92.62,92.65,78800
VCSH,28-Apr-2015,80.24,80.31,80.22,80.23,520900
VCYT,28-Apr-2015,9.88,9.88,9.36,9.56,89600
VDSI,28-Apr-2015,27.5,28.17,25.52,26.23,5683300
VDTH,28-Apr-2015,11.3,11.6,11.05,11.28,144300
VECO,28-Apr-2015,30.03,30.61,30.01,30.42,209200
VGIT,28-Apr-2015,65.44,65.51,65.28,65.33,41200
VGLT,28-Apr-2015,78.97,79.27,78.53,78.56,24100
VGSH,28-Apr-2015,61.14,61.14,61.11,61.14,25500
VIA,28-Apr-2015,70.32,71.52,70.32,71.44,51200
VIAB,28-Apr-2015,70.98,71.42,70.57,71.31,3418800
VICL,28-Apr-2015,9.5,9.9,9.4,9.6,242000
VICR,28-Apr-2015,16.4,16.57,16.2,16.39,64400
VIDI,28-Apr-2015,25.07,25.15,25.07,25.15,28900
VIIX,28-Apr-2015,29.15,30.01,28.01,28.01,61700
VIIZ,28-Apr-2015,16.53,16.53,16.53,16.53,0
VIP,28-Apr-2015,5.78,5.88,5.73,5.75,1398900
VIRC,28-Apr-2015,2.83,2.83,2.66,2.69,15700
VIRT,28-Apr-2015,21.27,21.78,20.75,21.68,722000
VISN,28-Apr-2015,14.74,14.91,14.45,14.91,10300
VIVO,28-Apr-2015,18.97,19.04,18.68,18.98,178400
VLGEA,28-Apr-2015,32.99,34,32.82,33.98,40900
VLTC,28-Apr-2015,9.4,10.09,8.8,9.02,3796000
VMBS,28-Apr-2015,53.45,53.5,53.35,53.36,86900
VNDA,28-Apr-2015,9.31,9.6,9.01,9.5,725300
VNET,28-Apr-2015,20.58,20.82,20.3,20.75,454700
VNOM,28-Apr-2015,19.65,19.97,18.55,19.69,17900
VNQI,28-Apr-2015,59.5,59.68,59.39,59.66,372900
VNR,28-Apr-2015,16.5,16.52,16.17,16.42,485900
VNRAP,28-Apr-2015,25.14,25.14,24.8,24.85,9600
VNRBP,28-Apr-2015,22.81,23.05,22.81,22.94,30000
VNRCP,28-Apr-2015,23.85,23.9,23.65,23.8,17000
VOD,28-Apr-2015,34.97,35.28,34.84,35.25,2727300
VONE,28-Apr-2015,97.72,97.86,97.09,97.74,14900
VONG,28-Apr-2015,103.81,103.99,102.95,103.64,11200
VONV,28-Apr-2015,91.56,92,91.17,92,15600
VOXX,28-Apr-2015,9.51,9.68,9.5,9.62,58900
VRA,28-Apr-2015,14.25,14.49,14.17,14.3,276600
VRML,28-Apr-2015,1.89,1.94,1.76,1.8,74100
VRNS,28-Apr-2015,28.4,29.43,28.11,29.04,79300
VRNT,28-Apr-2015,63.16,63.62,62.36,62.91,440500
VRSK,28-Apr-2015,72.78,72.88,72.28,72.64,722800
VRSN,28-Apr-2015,64.47,65.11,64.19,64.71,776700
VRTB,28-Apr-2015,3.94,4.11,3.9,3.94,11900
VRTS,28-Apr-2015,133.14,139.34,133.14,137.64,33100
VRTU,28-Apr-2015,40.34,40.57,39.99,40.55,109700
VRTX,28-Apr-2015,128.27,130,123.89,125.47,1696200
VSAR,28-Apr-2015,17.25,18.2,17,17.82,153300
VSAT,28-Apr-2015,62.08,63.15,61.92,63.06,122000
VSEC,28-Apr-2015,37.55,38.34,36.365,37.85,8600
VSTM,28-Apr-2015,9.58,9.9,9.18,9.56,309900
VTAE,28-Apr-2015,13.6,14.05,13.05,13.61,61000
VTHR,28-Apr-2015,97.95,98.09,97.46,98.07,5700
VTIP,28-Apr-2015,48.8,48.81,48.76,48.78,133400
VTL,28-Apr-2015,28.55,28.55,27.01,27.73,113200
VTNR,28-Apr-2015,2.48,2.48,2.38,2.4,88300
VTWG,28-Apr-2015,111.01,111.03,109.16,110.8,11900
VTWO,28-Apr-2015,99.82,100.42,98.86,100.34,71300
VTWV,28-Apr-2015,89.71,90.21,89.54,90.19,2400
VUSE,28-Apr-2015,27.69,27.85,27.63,27.81,38500
VUZI,28-Apr-2015,6.47,6.57,6.2,6.42,77200
VVUS,28-Apr-2015,2.39,2.41,2.26,2.3,1791000
VWOB,28-Apr-2015,79.4,79.4,79.1,79.18,62700
VWR,28-Apr-2015,27.04,27.35,26.43,27.01,491400
VXUS,28-Apr-2015,53.64,53.74,53.42,53.72,421400
WABC,28-Apr-2015,43.65,44.24,43.5,44.18,204000
WAFD,28-Apr-2015,21.77,22.12,21.71,22.1,356500
WAFDW,28-Apr-2015,5.3,5.3,5.3,5.3,0
WASH,28-Apr-2015,37.55,38.01,37.45,37.81,31600
WATT,28-Apr-2015,8.05,8.24,7.76,7.86,169000
WAYN,28-Apr-2015,13.45,13.55,13.45,13.47,2700
WB,28-Apr-2015,17.14,17.25,15.88,16.66,1023700
WBA,28-Apr-2015,85.84,86.16,85.42,86.08,2367000
WBB,28-Apr-2015,17.2,17.21,16.96,16.96,700
WBKC,28-Apr-2015,25.69,25.69,25.69,25.69,100
WBMD,28-Apr-2015,46.46,47.43,45.9,46.91,256800
WDC,28-Apr-2015,98.46,98.61,96.8,97.9,2479100
WDFC,28-Apr-2015,84.31,84.98,83.8,84.8,39600
WEBK,28-Apr-2015,18.75,18.75,18.75,18.75,0
WEN,28-Apr-2015,10.56,10.63,10.42,10.58,2326700
WERN,28-Apr-2015,27.98,28.43,27.72,28.15,1191600
WETF,28-Apr-2015,20.09,20.47,19.75,20.22,2391500
WEYS,28-Apr-2015,29.08,29.85,28.72,29.79,9300
WFBI,28-Apr-2015,16.28,17,16.05,17,4800
WFM,28-Apr-2015,48.74,49.29,48.4,48.81,2884700
WGBS,28-Apr-2015,4.4,4.53,4.29,4.3,29100
WHF,28-Apr-2015,12.7,12.73,12.66,12.73,6900
WHFBL,28-Apr-2015,25.65,25.65,25.65,25.65,300
WHLM,28-Apr-2015,5.2,5.2,5.2,5.2,0
WHLR,28-Apr-2015,2.3,2.39,2.3,2.35,9700
WHLRP,28-Apr-2015,24.25,24.5,24.25,24.4,9300
WHLRW,28-Apr-2015,0.1,0.1,0.09,0.09,2200
WIFI,28-Apr-2015,8.27,8.46,8.09,8.38,193200
WILC,28-Apr-2015,5.59,5.6,5.59,5.59,1800
WILN,28-Apr-2015,2.6,2.68,2.47,2.47,69700
WIN,28-Apr-2015,10.86,13.05,10.71,11.9,28020900
WINA,28-Apr-2015,90.25,90.91,90.03,90.5,3100
WIRE,28-Apr-2015,46.68,48.14,46.49,47.38,213700
WIX,28-Apr-2015,20.36,20.81,20.14,20.49,85500
WLB,28-Apr-2015,27.8,27.8,26.54,27.43,132100
WLDN,28-Apr-2015,15.92,15.92,14.6,14.76,75400
WLFC,28-Apr-2015,18.28,18.49,18.28,18.3,4400
WMAR,28-Apr-2015,10.07,10.1,10,10.06,35900
WMGI,28-Apr-2015,26.15,26.34,25.69,25.75,1603700
WMGIZ,28-Apr-2015,4.25,4.3,4.05,4.11,46900
WOOD,28-Apr-2015,54.67,54.78,54.49,54.71,108200
WOOF,28-Apr-2015,54.31,55.05,53.49,54.08,588600
WPCS,28-Apr-2015,3.56,3.71,3.4,3.57,42800
WPPGY,28-Apr-2015,118.59,119.53,118.17,119.53,53800
WPRT,28-Apr-2015,4.39,4.52,4.32,4.43,322600
WRLD,28-Apr-2015,75.56,77.6,75.22,76.68,289100
WSBC,28-Apr-2015,31.98,32.55,31.82,32.46,57000
WSBF,28-Apr-2015,12.9,12.95,12.88,12.9,207800
WSCI,28-Apr-2015,6.18,6.18,6.02,6.02,1500
WSFS,28-Apr-2015,24.0433,24.4167,24.0433,24.3233,19800
WSFSL,28-Apr-2015,26.5,26.5,26.5,26.5,600
WSTC,28-Apr-2015,31.75,32.35,31.61,32.31,264300
WSTG,28-Apr-2015,17.7,18.25,17.53,18.23,5100
WSTL,28-Apr-2015,1.34,1.35,1.31,1.31,9200
WTBA,28-Apr-2015,20.16,20.29,19.83,20.2,20500
WTFC,28-Apr-2015,48.68,49.33,48.5,49.27,182700
WTFCW,28-Apr-2015,25.7,25.7,25.7,25.7,0
WVFC,28-Apr-2015,11.68,11.78,11.68,11.77,3600
WVVI,28-Apr-2015,6.55,6.55,6.33,6.49,1600
WWD,28-Apr-2015,48.79,49.11,48.48,48.96,131300
WYNN,28-Apr-2015,128.54,132,127.62,130.48,3966400
XBIT,28-Apr-2015,19.95,20.99,19.61,19.89,224800
XBKS,28-Apr-2015,5.96,6.09,5.92,5.96,2200
XCRA,28-Apr-2015,10.4,10.55,10.2,10.41,275500
XENE,28-Apr-2015,14.06,14.06,13.05,13.74,39900
XENT,28-Apr-2015,25.95,26.27,25.75,26,99700
XGTI,28-Apr-2015,2.76,4.44,2.52,3.96,5838200
XGTIW,28-Apr-2015,1.44,2.52,1.44,2.52,2800
XIV,28-Apr-2015,40.44,42.17,39.33,42.16,15657600
XLNX,28-Apr-2015,43.22,43.58,42.7,43.33,2336600
XLRN,28-Apr-2015,31.74,32,29.91,30.99,256200
XNCR,28-Apr-2015,14.36,14.77,14.01,14.71,159900
XNET,28-Apr-2015,8.5,9.19,8.31,8.9,381800
XOMA,28-Apr-2015,69.2,70.4,66,66.4,2366900
XONE,28-Apr-2015,14.3,14.89,14.3,14.76,102200
XPLR,28-Apr-2015,6.29,6.6,6.28,6.39,13700
XRAY,28-Apr-2015,51.15,51.54,50.48,51.48,422200
XTLB,28-Apr-2015,2.21,2.22,2.12,2.2,9000
XXIA,28-Apr-2015,12.43,12.59,12.27,12.41,181400
YDIV,28-Apr-2015,19.43,19.75,19.43,19.57,3100
YHOO,28-Apr-2015,44.34,44.57,43.94,44.34,7197000
YNDX,28-Apr-2015,18.6,19.76,18.07,19.2,7501700
YOD,28-Apr-2015,2.51,2.78,2.15,2.17,3697000
YORW,28-Apr-2015,24.07,24.88,24.02,24.72,17900
YPRO,28-Apr-2015,23.42,23.51,23.42,23.51,36400
YRCW,28-Apr-2015,16.66,16.97,16.46,16.71,288400
YY,28-Apr-2015,66.11,66.51,62.26,62.7,965600
Z,28-Apr-2015,102.31,103.89,101.22,102.28,1153200
ZAGG,28-Apr-2015,8.86,8.99,8.58,8.79,237300
ZAIS,28-Apr-2015,9.71,9.99,9.55,9.97,6100
ZBRA,28-Apr-2015,94.55,95.64,93.31,95.26,303300
ZEUS,28-Apr-2015,11.51,11.94,11.39,11.43,73100
ZFGN,28-Apr-2015,36.65,36.65,33.01,34.26,197500
ZGNX,28-Apr-2015,11.2,11.52,10.88,10.96,5023400
ZION,28-Apr-2015,27.55,27.95,27.22,27.88,1430800
ZIONW,28-Apr-2015,3.8,3.8,3.8,3.8,500
ZIOP,28-Apr-2015,10.02,10.18,8.82,9.22,5395000
ZIV,28-Apr-2015,44.43,44.99,43.56,44.94,28200
ZIXI,28-Apr-2015,4.41,4.48,4.37,4.38,223500
ZLTQ,28-Apr-2015,32.31,33.03,31.34,33,441600
ZN,28-Apr-2015,1.96,2,1.96,1.96,84300
ZNGA,28-Apr-2015,2.46,2.5,2.42,2.45,7167000
ZSAN,28-Apr-2015,9.18,10.01,8.85,9.33,4600
ZUMZ,28-Apr-2015,33.51,33.51,32.75,32.9,223300
